1,1,878.00,63.00,123.00,300.00,1,1,0.9
1,2,944.00,83.00,106.00,275.00,1,1,0.9
2,1,871.00,65.00,126.00,305.00,1,1,0.9
2,2,939.00,85.00,108.00,280.00,1,1,0.9
3,1,864.00,67.00,129.00,309.00,1,1,0.9
3,2,934.00,88.00,110.00,284.00,1,1,0.9
4,1,857.00,70.00,132.00,313.00,1,1,0.9
4,2,930.00,90.00,112.00,289.00,1,1,0.9
5,1,850.00,72.00,135.00,317.00,1,1,0.9
5,2,925.00,92.00,114.00,294.00,1,1,0.9
6,1,843.00,74.00,138.00,322.00,1,1,0.9
6,2,920.00,95.00,116.00,299.00,1,1,0.9
7,1,836.00,77.00,141.00,326.00,1,1,0.9
7,2,916.00,97.00,118.00,304.00,1,1,0.9
8,1,829.00,79.00,144.00,330.00,1,1,0.9
8,2,911.00,99.00,120.00,309.00,1,1,0.9
9,1,822.00,81.00,147.00,334.00,1,1,0.9
9,2,906.00,102.00,123.00,313.00,1,1,0.9
10,1,807.00,84.00,150.00,339.00,1,1,0.9
10,2,892.00,106.00,125.00,321.00,1,1,0.9
11,1,791.00,86.00,153.00,344.00,1,1,0.9
11,2,878.00,109.00,128.00,328.00,1,1,0.9
12,1,776.00,88.00,156.00,349.00,1,1,0.9
12,2,865.00,113.00,131.00,335.00,1,1,0.9
13,1,761.00,90.00,159.00,354.00,1,1,0.9
13,2,851.00,117.00,134.00,342.00,1,1,0.9
14,1,745.00,93.00,163.00,359.00,1,1,0.9
14,2,837.00,121.00,137.00,349.00,1,1,0.9
15,1,730.00,95.00,166.00,364.00,1,1,0.9
15,2,823.00,125.00,140.00,356.00,1,1,0.9
16,1,714.00,97.00,169.00,369.00,1,1,0.9
16,2,809.00,129.00,143.00,364.00,1,1,0.9
17,1,701.00,99.00,167.00,370.00,1,1,0.9
17,2,795.00,132.00,143.00,364.00,1,1,0.9
18,1,688.00,100.00,165.00,371.00,1,1,0.9
18,2,781.00,135.00,143.00,364.00,1,1,0.9
19,1,674.00,102.00,163.00,372.00,1,1,0.9
19,2,767.00,137.00,143.00,364.00,1,1,0.9
20,1,661.00,103.00,161.00,373.00,1,1,0.9
20,2,754.00,140.00,143.00,364.00,1,1,0.9
21,1,648.00,104.00,159.00,374.00,1,1,0.9
21,2,740.00,143.00,143.00,364.00,1,1,0.9
22,1,634.00,106.00,157.00,375.00,1,1,0.9
22,2,726.00,146.00,143.00,364.00,1,1,0.9
22,3,927.00,43.00,60.00,114.00,1,1,0.9
22,4,992.00,51.00,60.00,111.00,1,1,0.9
23,1,621.00,106.00,170.00,375.00,1,1,0.9
23,2,709.00,153.00,159.00,358.00,1,1,0.9
23,3,926.00,43.00,60.00,115.00,1,1,0.9
23,4,992.00,51.00,60.00,113.00,1,1,0.9
24,1,608.00,106.00,183.00,375.00,1,1,0.9
24,2,691.00,160.00,174.00,352.00,1,1,0.9
24,3,926.00,44.00,61.00,116.00,1,1,0.9
24,4,991.00,51.00,61.00,114.00,1,1,0.9
25,2,673.00,161.00,169.00,352.00,1,1,0.9
25,3,926.00,44.00,61.00,118.00,1,1,0.9
25,4,991.00,51.00,62.00,115.00,1,1,0.9
26,2,654.00,162.00,163.00,352.00,1,1,0.9
26,3,926.00,45.00,61.00,119.00,1,1,0.9
26,4,990.00,50.00,62.00,116.00,1,1,0.9
27,2,636.00,163.00,157.00,352.00,1,1,0.9
27,3,926.00,45.00,62.00,120.00,1,1,0.9
27,4,990.00,50.00,63.00,118.00,1,1,0.9
28,2,617.00,163.00,151.00,352.00,1,1,0.9
28,3,926.00,46.00,62.00,121.00,1,1,0.9
28,4,989.00,50.00,64.00,119.00,1,1,0.9
29,3,926.00,46.00,63.00,122.00,1,1,0.9
29,4,988.00,50.00,64.00,120.00,1,1,0.9
30,3,926.00,47.00,63.00,123.00,1,1,0.9
30,4,988.00,50.00,65.00,122.00,1,1,0.9
31,3,926.00,47.00,64.00,124.00,1,1,0.9
31,4,987.00,49.00,66.00,123.00,1,1,0.9
32,3,926.00,48.00,64.00,126.00,1,1,0.9
32,4,987.00,49.00,66.00,124.00,1,1,0.9
33,3,925.00,48.00,64.00,127.00,1,1,0.9
33,4,986.00,49.00,67.00,125.00,1,1,0.9
34,3,925.00,49.00,65.00,128.00,1,1,0.9
34,4,986.00,49.00,68.00,127.00,1,1,0.9
35,3,925.00,48.00,65.00,129.00,1,1,0.9
35,4,986.00,48.00,68.00,129.00,1,1,0.9
36,3,926.00,48.00,66.00,131.00,1,1,0.9
36,4,986.00,48.00,68.00,131.00,1,1,0.9
37,3,926.00,48.00,66.00,132.00,1,1,0.9
37,4,986.00,48.00,68.00,133.00,1,1,0.9
38,3,926.00,47.00,67.00,133.00,1,1,0.9
38,4,986.00,48.00,68.00,135.00,1,1,0.9
39,3,926.00,47.00,67.00,134.00,1,1,0.9
39,4,986.00,48.00,68.00,137.00,1,1,0.9
40,3,926.00,47.00,68.00,136.00,1,1,0.9
40,4,986.00,48.00,68.00,139.00,1,1,0.9
41,3,926.00,46.00,68.00,137.00,1,1,0.9
41,4,986.00,47.00,68.00,141.00,1,1,0.9
42,3,926.00,46.00,69.00,138.00,1,1,0.9
42,4,986.00,47.00,68.00,143.00,1,1,0.9
43,3,926.00,46.00,69.00,140.00,1,1,0.9
43,4,986.00,47.00,68.00,145.00,1,1,0.9
44,3,924.00,45.00,71.00,142.00,1,1,0.9
44,4,988.00,48.00,69.00,146.00,1,1,0.9
45,3,922.00,45.00,72.00,145.00,1,1,0.9
45,4,990.00,48.00,71.00,148.00,1,1,0.9
46,3,920.00,45.00,73.00,147.00,1,1,0.9
46,4,992.00,49.00,72.00,149.00,1,1,0.9
47,3,919.00,44.00,74.00,150.00,1,1,0.9
47,4,994.00,49.00,73.00,150.00,1,1,0.9
48,3,917.00,44.00,75.00,153.00,1,1,0.9
48,4,996.00,50.00,75.00,152.00,1,1,0.9
49,3,915.00,44.00,76.00,155.00,1,1,0.9
49,4,998.00,50.00,76.00,153.00,1,1,0.9
50,3,913.00,43.00,77.00,158.00,1,1,0.9
50,4,1000.00,50.00,77.00,154.00,1,1,0.9
51,3,911.00,43.00,79.00,160.00,1,1,0.9
51,4,1002.00,51.00,78.00,156.00,1,1,0.9
52,3,909.00,43.00,80.00,163.00,1,1,0.9
52,4,1004.00,51.00,80.00,157.00,1,1,0.9
53,3,909.00,44.00,82.00,164.00,1,1,0.9
53,4,1006.00,52.00,81.00,160.00,1,1,0.9
54,3,908.00,45.00,83.00,166.00,1,1,0.9
54,4,1007.00,52.00,82.00,163.00,1,1,0.9
55,3,908.00,46.00,85.00,167.00,1,1,0.9
55,4,1009.00,52.00,84.00,166.00,1,1,0.9
56,3,907.00,47.00,87.00,169.00,1,1,0.9
56,4,1010.00,52.00,85.00,168.00,1,1,0.9
57,3,907.00,48.00,89.00,170.00,1,1,0.9
57,4,1012.00,52.00,86.00,171.00,1,1,0.9
58,3,906.00,49.00,91.00,172.00,1,1,0.9
58,4,1014.00,53.00,87.00,174.00,1,1,0.9
59,3,905.00,50.00,93.00,173.00,1,1,0.9
59,4,1015.00,53.00,89.00,177.00,1,1,0.9
60,3,905.00,51.00,95.00,175.00,1,1,0.9
60,4,1017.00,53.00,90.00,180.00,1,1,0.9
61,3,904.00,52.00,96.00,176.00,1,1,0.9
61,4,1019.00,53.00,91.00,182.00,1,1,0.9
62,3,904.00,53.00,98.00,178.00,1,1,0.9
62,4,1020.00,54.00,92.00,185.00,1,1,0.9
63,3,903.00,55.00,100.00,179.00,1,1,0.9
63,4,1022.00,54.00,94.00,188.00,1,1,0.9
64,3,904.00,56.00,99.00,181.00,1,1,0.9
64,4,1023.00,55.00,93.00,190.00,1,1,0.9
65,3,905.00,58.00,99.00,183.00,1,1,0.9
65,4,1024.00,57.00,93.00,193.00,1,1,0.9
66,3,906.00,59.00,98.00,184.00,1,1,0.9
66,4,1025.00,58.00,92.00,195.00,1,1,0.9
67,3,906.00,61.00,97.00,186.00,1,1,0.9
67,4,1026.00,60.00,92.00,197.00,1,1,0.9
68,3,907.00,62.00,97.00,187.00,1,1,0.9
68,4,1027.00,62.00,91.00,200.00,1,1,0.9
69,3,908.00,64.00,96.00,189.00,1,1,0.9
69,4,1029.00,63.00,91.00,202.00,1,1,0.9
70,3,909.00,65.00,95.00,190.00,1,1,0.9
70,4,1030.00,65.00,91.00,204.00,1,1,0.9
71,3,910.00,67.00,98.00,193.00,1,1,0.9
71,4,1030.00,66.00,92.00,207.00,1,1,0.9
72,3,910.00,68.00,100.00,195.00,1,1,0.9
72,4,1030.00,68.00,94.00,209.00,1,1,0.9
72,5,947.00,37.00,57.00,134.00,1,1,0.9
73,3,911.00,70.00,102.00,197.00,1,1,0.9
73,4,1031.00,69.00,96.00,211.00,1,1,0.9
73,5,947.00,38.00,58.00,136.00,1,1,0.9
74,3,912.00,71.00,105.00,200.00,1,1,0.9
74,4,1031.00,71.00,98.00,214.00,1,1,0.9
74,5,947.00,38.00,59.00,138.00,1,1,0.9
75,3,913.00,73.00,107.00,202.00,1,1,0.9
75,4,1032.00,73.00,100.00,216.00,1,1,0.9
75,5,947.00,39.00,59.00,140.00,1,1,0.9
76,3,913.00,74.00,109.00,204.00,1,1,0.9
76,4,1032.00,74.00,102.00,218.00,1,1,0.9
76,5,947.00,39.00,60.00,142.00,1,1,0.9
77,3,914.00,76.00,112.00,206.00,1,1,0.9
77,4,1032.00,76.00,104.00,221.00,1,1,0.9
77,5,947.00,40.00,61.00,144.00,1,1,0.9
78,3,915.00,77.00,114.00,209.00,1,1,0.9
78,4,1033.00,77.00,106.00,223.00,1,1,0.9
78,5,947.00,41.00,62.00,146.00,1,1,0.9
79,3,915.00,78.00,113.00,213.00,1,1,0.9
79,4,1033.00,79.00,106.00,227.00,1,1,0.9
79,5,947.00,41.00,63.00,148.00,1,1,0.9
80,3,914.00,80.00,113.00,217.00,1,1,0.9
80,4,1033.00,80.00,106.00,230.00,1,1,0.9
80,5,947.00,42.00,64.00,150.00,1,1,0.9
81,3,914.00,81.00,112.00,221.00,1,1,0.9
81,4,1034.00,81.00,107.00,234.00,1,1,0.9
81,5,947.00,42.00,65.00,152.00,1,1,0.9
82,3,914.00,82.00,111.00,225.00,1,1,0.9
82,4,1034.00,83.00,107.00,237.00,1,1,0.9
82,5,947.00,43.00,65.00,154.00,1,1,0.9
83,3,913.00,83.00,111.00,229.00,1,1,0.9
83,4,1035.00,84.00,108.00,241.00,1,1,0.9
83,5,945.00,42.00,67.00,155.00,1,1,0.9
84,3,913.00,85.00,110.00,233.00,1,1,0.9
84,4,1035.00,85.00,108.00,244.00,1,1,0.9
84,5,944.00,42.00,69.00,156.00,1,1,0.9
85,3,913.00,86.00,109.00,237.00,1,1,0.9
85,4,1036.00,87.00,109.00,248.00,1,1,0.9
85,5,943.00,41.00,71.00,157.00,1,1,0.9
86,3,912.00,87.00,108.00,241.00,1,1,0.9
86,4,1036.00,88.00,109.00,251.00,1,1,0.9
86,5,942.00,41.00,72.00,158.00,1,1,0.9
87,3,912.00,88.00,108.00,245.00,1,1,0.9
87,4,1037.00,89.00,109.00,255.00,1,1,0.9
87,5,941.00,40.00,74.00,159.00,1,1,0.9
88,3,912.00,89.00,107.00,250.00,1,1,0.9
88,4,1037.00,91.00,110.00,258.00,1,1,0.9
88,5,940.00,39.00,76.00,159.00,1,1,0.9
89,3,908.00,91.00,110.00,254.00,1,1,0.9
89,4,1034.00,92.00,112.00,262.00,1,1,0.9
89,5,939.00,39.00,77.00,160.00,1,1,0.9
90,3,904.00,92.00,113.00,258.00,1,1,0.9
90,4,1031.00,94.00,115.00,265.00,1,1,0.9
90,5,937.00,38.00,79.00,161.00,1,1,0.9
91,3,900.00,93.00,115.00,262.00,1,1,0.9
91,4,1028.00,95.00,117.00,269.00,1,1,0.9
91,5,936.00,38.00,81.00,162.00,1,1,0.9
92,3,897.00,94.00,118.00,266.00,1,1,0.9
92,4,1025.00,96.00,120.00,273.00,1,1,0.9
92,5,935.00,37.00,83.00,163.00,1,1,0.9
92,7,1004.00,37.00,51.00,126.00,1,1,0.9
93,3,893.00,95.00,121.00,270.00,1,1,0.9
93,4,1022.00,98.00,122.00,276.00,1,1,0.9
93,5,931.00,38.00,83.00,168.00,1,1,0.9
93,7,1004.00,37.00,52.00,127.00,1,1,0.9
94,3,889.00,97.00,124.00,274.00,1,1,0.9
94,4,1019.00,99.00,125.00,280.00,1,1,0.9
94,5,927.00,39.00,84.00,173.00,1,1,0.9
94,7,1003.00,36.00,53.00,128.00,1,1,0.9
95,3,885.00,98.00,126.00,278.00,1,1,0.9
95,4,1016.00,100.00,127.00,283.00,1,1,0.9
95,5,923.00,40.00,85.00,179.00,1,1,0.9
95,7,1003.00,35.00,54.00,129.00,1,1,0.9
96,3,879.00,102.00,127.00,286.00,1,1,0.9
96,4,1008.00,105.00,129.00,289.00,1,1,0.9
96,5,919.00,41.00,85.00,184.00,1,1,0.9
96,7,1003.00,35.00,55.00,130.00,1,1,0.9
97,3,873.00,107.00,128.00,293.00,1,1,0.9
97,4,1000.00,110.00,130.00,295.00,1,1,0.9
97,5,914.00,42.00,86.00,189.00,1,1,0.9
97,7,1002.00,34.00,56.00,132.00,1,1,0.9
98,3,866.00,112.00,128.00,301.00,1,1,0.9
98,4,992.00,115.00,131.00,301.00,1,1,0.9
98,5,910.00,43.00,87.00,194.00,1,1,0.9
98,7,1002.00,34.00,57.00,133.00,1,1,0.9
99,3,859.00,113.00,130.00,302.00,1,1,0.9
99,4,982.00,116.00,133.00,304.00,1,1,0.9
99,5,906.00,44.00,87.00,199.00,1,1,0.9
99,7,1002.00,33.00,58.00,134.00,1,1,0.9
100,3,852.00,115.00,132.00,303.00,1,1,0.9
100,4,972.00,118.00,134.00,308.00,1,1,0.9
100,5,902.00,44.00,88.00,205.00,1,1,0.9
100,7,1001.00,33.00,59.00,135.00,1,1,0.9
101,3,844.00,117.00,134.00,305.00,1,1,0.9
101,4,962.00,120.00,135.00,311.00,1,1,0.9
101,5,898.00,45.00,89.00,210.00,1,1,0.9
101,7,1001.00,32.00,60.00,136.00,1,1,0.9
102,3,837.00,118.00,136.00,306.00,1,1,0.9
102,4,952.00,121.00,136.00,315.00,1,1,0.9
102,5,894.00,46.00,90.00,215.00,1,1,0.9
102,6,967.00,40.00,51.00,123.00,1,1,0.9
102,7,1000.00,31.00,61.00,138.00,1,1,0.9
103,3,829.00,120.00,138.00,308.00,1,1,0.9
103,4,942.00,123.00,137.00,318.00,1,1,0.9
103,5,890.00,47.00,91.00,222.00,1,1,0.9
103,6,966.00,40.00,53.00,125.00,1,1,0.9
103,7,1002.00,32.00,62.00,139.00,1,1,0.9
104,3,822.00,122.00,140.00,309.00,1,1,0.9
104,4,932.00,125.00,139.00,322.00,1,1,0.9
104,5,886.00,48.00,93.00,228.00,1,1,0.9
104,6,966.00,40.00,55.00,127.00,1,1,0.9
104,7,1004.00,32.00,63.00,141.00,1,1,0.9
105,3,814.00,123.00,142.00,311.00,1,1,0.9
105,4,922.00,126.00,140.00,326.00,1,1,0.9
105,5,883.00,49.00,94.00,235.00,1,1,0.9
105,6,966.00,40.00,56.00,129.00,1,1,0.9
105,7,1006.00,33.00,64.00,143.00,1,1,0.9
106,3,807.00,125.00,144.00,312.00,1,1,0.9
106,4,912.00,128.00,141.00,329.00,1,1,0.9
106,5,879.00,50.00,96.00,242.00,1,1,0.9
106,6,966.00,40.00,58.00,131.00,1,1,0.9
106,7,1008.00,33.00,65.00,144.00,1,1,0.9
107,3,800.00,127.00,146.00,313.00,1,1,0.9
107,4,902.00,130.00,142.00,333.00,1,1,0.9
107,5,875.00,51.00,98.00,248.00,1,1,0.9
107,6,965.00,40.00,60.00,133.00,1,1,0.9
107,7,1010.00,33.00,65.00,146.00,1,1,0.9
108,3,792.00,128.00,148.00,315.00,1,1,0.9
108,4,892.00,131.00,143.00,336.00,1,1,0.9
108,5,872.00,52.00,99.00,255.00,1,1,0.9
108,6,965.00,40.00,62.00,135.00,1,1,0.9
108,7,1011.00,34.00,66.00,148.00,1,1,0.9
109,3,785.00,130.00,150.00,316.00,1,1,0.9
109,4,882.00,133.00,145.00,340.00,1,1,0.9
109,5,868.00,53.00,101.00,262.00,1,1,0.9
109,6,965.00,40.00,64.00,137.00,1,1,0.9
109,7,1013.00,34.00,67.00,149.00,1,1,0.9
110,3,777.00,132.00,151.00,318.00,1,1,0.9
110,4,872.00,135.00,146.00,344.00,1,1,0.9
110,5,864.00,54.00,103.00,268.00,1,1,0.9
110,6,965.00,40.00,65.00,140.00,1,1,0.9
110,7,1015.00,34.00,68.00,151.00,1,1,0.9
111,3,764.00,131.00,150.00,320.00,1,1,0.9
111,4,855.00,136.00,153.00,344.00,1,1,0.9
111,5,861.00,55.00,104.00,275.00,1,1,0.9
111,6,964.00,40.00,67.00,142.00,1,1,0.9
111,7,1017.00,35.00,68.00,153.00,1,1,0.9
112,3,751.00,131.00,148.00,323.00,1,1,0.9
112,4,838.00,138.00,160.00,344.00,1,1,0.9
112,5,857.00,55.00,106.00,282.00,1,1,0.9
112,6,964.00,40.00,69.00,144.00,1,1,0.9
112,7,1019.00,35.00,69.00,154.00,1,1,0.9
113,3,738.00,130.00,147.00,325.00,1,1,0.9
113,4,822.00,139.00,167.00,345.00,1,1,0.9
113,5,853.00,56.00,108.00,288.00,1,1,0.9
113,6,964.00,40.00,71.00,146.00,1,1,0.9
113,7,1021.00,36.00,70.00,156.00,1,1,0.9
114,3,725.00,130.00,145.00,328.00,1,1,0.9
114,4,805.00,141.00,174.00,345.00,1,1,0.9
114,5,851.00,57.00,109.00,293.00,1,1,0.9
114,6,965.00,40.00,72.00,148.00,1,1,0.9
114,7,1021.00,36.00,72.00,158.00,1,1,0.9
115,3,712.00,130.00,143.00,330.00,1,1,0.9
115,4,788.00,143.00,181.00,346.00,1,1,0.9
115,5,848.00,58.00,111.00,299.00,1,1,0.9
115,6,965.00,40.00,72.00,150.00,1,1,0.9
115,7,1022.00,36.00,73.00,160.00,1,1,0.9
116,3,699.00,129.00,142.00,332.00,1,1,0.9
116,4,771.00,144.00,187.00,346.00,1,1,0.9
116,5,846.00,59.00,113.00,304.00,1,1,0.9
116,6,966.00,40.00,73.00,152.00,1,1,0.9
116,7,1023.00,37.00,75.00,161.00,1,1,0.9
117,3,686.00,129.00,140.00,335.00,1,1,0.9
117,4,755.00,146.00,194.00,346.00,1,1,0.9
117,5,843.00,60.00,114.00,309.00,1,1,0.9
117,6,967.00,40.00,74.00,154.00,1,1,0.9
117,7,1024.00,37.00,77.00,163.00,1,1,0.9
118,3,669.00,128.00,143.00,336.00,1,1,0.9
118,4,744.00,148.00,192.00,348.00,1,1,0.9
118,5,838.00,63.00,117.00,314.00,1,1,0.9
118,6,967.00,42.00,75.00,155.00,1,1,0.9
118,7,1025.00,38.00,77.00,165.00,1,1,0.9
119,3,652.00,127.00,146.00,337.00,1,1,0.9
119,4,734.00,150.00,190.00,350.00,1,1,0.9
119,5,833.00,66.00,119.00,320.00,1,1,0.9
119,6,968.00,43.00,75.00,155.00,1,1,0.9
119,7,1026.00,39.00,77.00,167.00,1,1,0.9
120,3,636.00,126.00,149.00,338.00,1,1,0.9
120,4,723.00,152.00,187.00,352.00,1,1,0.9
120,5,828.00,69.00,121.00,325.00,1,1,0.9
120,6,969.00,45.00,76.00,156.00,1,1,0.9
120,7,1027.00,39.00,78.00,168.00,1,1,0.9
121,3,619.00,125.00,151.00,339.00,1,1,0.9
121,4,712.00,154.00,185.00,354.00,1,1,0.9
121,5,822.00,72.00,124.00,330.00,1,1,0.9
121,6,970.00,46.00,76.00,156.00,1,1,0.9
121,7,1028.00,40.00,78.00,170.00,1,1,0.9
122,3,602.00,124.00,154.00,340.00,1,1,0.9
122,4,702.00,156.00,182.00,356.00,1,1,0.9
122,5,817.00,74.00,126.00,335.00,1,1,0.9
122,6,971.00,48.00,77.00,157.00,1,1,0.9
122,7,1029.00,41.00,78.00,172.00,1,1,0.9
123,3,585.00,123.00,157.00,341.00,1,1,0.9
123,4,691.00,158.00,180.00,358.00,1,1,0.9
123,5,812.00,77.00,129.00,341.00,1,1,0.9
123,6,971.00,49.00,77.00,157.00,1,1,0.9
123,7,1030.00,42.00,78.00,174.00,1,1,0.9
124,4,678.00,158.00,178.00,358.00,1,1,0.9
124,5,807.00,81.00,129.00,346.00,1,1,0.9
124,6,972.00,51.00,78.00,158.00,1,1,0.9
124,7,1031.00,43.00,79.00,176.00,1,1,0.9
125,4,664.00,158.00,176.00,358.00,1,1,0.9
125,5,802.00,84.00,129.00,351.00,1,1,0.9
125,6,973.00,52.00,78.00,158.00,1,1,0.9
125,7,1032.00,43.00,79.00,177.00,1,1,0.9
126,4,650.00,158.00,173.00,358.00,1,1,0.9
126,5,796.00,88.00,129.00,356.00,1,1,0.9
126,6,974.00,54.00,79.00,159.00,1,1,0.9
126,7,1033.00,44.00,79.00,179.00,1,1,0.9
127,4,636.00,158.00,171.00,358.00,1,1,0.9
127,5,791.00,91.00,129.00,361.00,1,1,0.9
127,6,974.00,56.00,79.00,160.00,1,1,0.9
127,7,1034.00,45.00,80.00,181.00,1,1,0.9
128,4,623.00,158.00,169.00,358.00,1,1,0.9
128,5,786.00,94.00,129.00,366.00,1,1,0.9
128,6,975.00,57.00,80.00,160.00,1,1,0.9
128,7,1035.00,46.00,80.00,183.00,1,1,0.9
129,5,777.00,96.00,128.00,369.00,1,1,0.9
129,6,975.00,57.00,81.00,163.00,1,1,0.9
129,7,1036.00,45.00,81.00,187.00,1,1,0.9
130,5,769.00,97.00,127.00,372.00,1,1,0.9
130,6,975.00,56.00,83.00,166.00,1,1,0.9
130,7,1037.00,43.00,81.00,190.00,1,1,0.9
131,5,760.00,98.00,127.00,375.00,1,1,0.9
131,6,974.00,55.00,84.00,169.00,1,1,0.9
131,7,1038.00,42.00,82.00,194.00,1,1,0.9
132,5,752.00,99.00,126.00,378.00,1,1,0.9
132,6,974.00,55.00,86.00,171.00,1,1,0.9
132,7,1039.00,41.00,83.00,198.00,1,1,0.9
133,5,743.00,100.00,126.00,381.00,1,1,0.9
133,6,974.00,54.00,87.00,174.00,1,1,0.9
133,7,1040.00,40.00,84.00,202.00,1,1,0.9
134,5,734.00,101.00,125.00,384.00,1,1,0.9
134,6,974.00,54.00,88.00,177.00,1,1,0.9
134,7,1041.00,39.00,85.00,205.00,1,1,0.9
135,5,726.00,102.00,124.00,386.00,1,1,0.9
135,6,973.00,53.00,90.00,180.00,1,1,0.9
135,7,1041.00,38.00,86.00,209.00,1,1,0.9
136,5,717.00,104.00,124.00,389.00,1,1,0.9
136,6,973.00,53.00,91.00,183.00,1,1,0.9
136,7,1042.00,37.00,87.00,213.00,1,1,0.9
137,5,709.00,105.00,123.00,392.00,1,1,0.9
137,6,973.00,52.00,93.00,186.00,1,1,0.9
137,7,1043.00,35.00,88.00,217.00,1,1,0.9
138,5,700.00,106.00,123.00,395.00,1,1,0.9
138,6,972.00,51.00,94.00,189.00,1,1,0.9
138,7,1044.00,34.00,88.00,220.00,1,1,0.9
139,5,693.00,106.00,125.00,395.00,1,1,0.9
139,6,973.00,53.00,93.00,192.00,1,1,0.9
139,7,1046.00,36.00,89.00,221.00,1,1,0.9
140,5,685.00,107.00,128.00,395.00,1,1,0.9
140,6,975.00,54.00,91.00,194.00,1,1,0.9
140,7,1048.00,38.00,91.00,222.00,1,1,0.9
141,5,677.00,107.00,130.00,395.00,1,1,0.9
141,6,976.00,56.00,90.00,197.00,1,1,0.9
141,7,1051.00,40.00,92.00,223.00,1,1,0.9
142,5,670.00,107.00,133.00,395.00,1,1,0.9
142,6,977.00,57.00,88.00,200.00,1,1,0.9
142,7,1053.00,41.00,93.00,225.00,1,1,0.9
143,5,662.00,108.00,135.00,395.00,1,1,0.9
143,6,975.00,59.00,94.00,203.00,1,1,0.9
143,7,1053.00,43.00,92.00,228.00,1,1,0.9
144,5,655.00,108.00,138.00,395.00,1,1,0.9
144,6,973.00,60.00,100.00,206.00,1,1,0.9
144,7,1054.00,45.00,92.00,232.00,1,1,0.9
145,5,647.00,108.00,140.00,395.00,1,1,0.9
145,6,971.00,61.00,106.00,209.00,1,1,0.9
145,7,1055.00,47.00,92.00,236.00,1,1,0.9
146,5,640.00,109.00,143.00,395.00,1,1,0.9
146,6,970.00,63.00,111.00,212.00,1,1,0.9
146,7,1056.00,49.00,91.00,240.00,1,1,0.9
147,5,635.00,108.00,143.00,394.00,1,1,0.9
147,6,970.00,64.00,109.00,214.00,1,1,0.9
147,7,1054.00,50.00,92.00,243.00,1,1,0.9
148,5,629.00,108.00,143.00,393.00,1,1,0.9
148,6,970.00,66.00,107.00,216.00,1,1,0.9
148,7,1053.00,52.00,93.00,245.00,1,1,0.9
149,5,624.00,107.00,143.00,392.00,1,1,0.9
149,6,971.00,67.00,105.00,218.00,1,1,0.9
149,7,1052.00,54.00,95.00,248.00,1,1,0.9
150,5,619.00,107.00,143.00,391.00,1,1,0.9
150,6,971.00,68.00,103.00,220.00,1,1,0.9
150,7,1051.00,56.00,96.00,250.00,1,1,0.9
151,5,614.00,106.00,143.00,390.00,1,1,0.9
151,6,971.00,70.00,101.00,222.00,1,1,0.9
151,7,1049.00,57.00,97.00,253.00,1,1,0.9
152,5,608.00,106.00,143.00,389.00,1,1,0.9
152,6,971.00,71.00,99.00,224.00,1,1,0.9
152,7,1048.00,59.00,98.00,255.00,1,1,0.9
153,6,972.00,72.00,97.00,226.00,1,1,0.9
153,7,1047.00,61.00,99.00,257.00,1,1,0.9
154,6,968.00,74.00,98.00,231.00,1,1,0.9
154,7,1043.00,62.00,101.00,261.00,1,1,0.9
155,6,965.00,75.00,99.00,236.00,1,1,0.9
155,7,1040.00,63.00,103.00,264.00,1,1,0.9
156,6,961.00,76.00,100.00,241.00,1,1,0.9
156,7,1036.00,64.00,105.00,267.00,1,1,0.9
157,6,958.00,78.00,101.00,246.00,1,1,0.9
157,7,1033.00,65.00,107.00,270.00,1,1,0.9
158,6,954.00,79.00,102.00,251.00,1,1,0.9
158,7,1029.00,66.00,109.00,274.00,1,1,0.9
159,6,951.00,80.00,103.00,256.00,1,1,0.9
159,7,1025.00,67.00,110.00,277.00,1,1,0.9
160,6,947.00,82.00,105.00,261.00,1,1,0.9
160,7,1022.00,68.00,112.00,280.00,1,1,0.9
161,6,944.00,83.00,106.00,266.00,1,1,0.9
161,7,1018.00,69.00,114.00,283.00,1,1,0.9
162,6,938.00,84.00,106.00,268.00,1,1,0.9
162,7,1014.00,70.00,116.00,288.00,1,1,0.9
163,6,932.00,86.00,107.00,269.00,1,1,0.9
163,7,1009.00,71.00,118.00,293.00,1,1,0.9
164,6,927.00,87.00,108.00,271.00,1,1,0.9
164,7,1005.00,73.00,120.00,298.00,1,1,0.9
165,6,921.00,89.00,108.00,273.00,1,1,0.9
165,7,1000.00,74.00,121.00,303.00,1,1,0.9
166,6,915.00,90.00,109.00,274.00,1,1,0.9
166,7,996.00,76.00,123.00,308.00,1,1,0.9
167,6,909.00,92.00,110.00,276.00,1,1,0.9
167,7,991.00,77.00,125.00,313.00,1,1,0.9
168,6,904.00,93.00,111.00,277.00,1,1,0.9
168,7,987.00,79.00,127.00,318.00,1,1,0.9
169,6,898.00,94.00,111.00,279.00,1,1,0.9
169,7,982.00,80.00,129.00,323.00,1,1,0.9
170,6,890.00,97.00,113.00,285.00,1,1,0.9
170,7,972.00,82.00,131.00,329.00,1,1,0.9
171,6,882.00,99.00,116.00,291.00,1,1,0.9
171,7,962.00,84.00,134.00,335.00,1,1,0.9
172,6,874.00,101.00,118.00,297.00,1,1,0.9
172,7,952.00,87.00,136.00,341.00,1,1,0.9
173,6,866.00,103.00,120.00,303.00,1,1,0.9
173,7,942.00,89.00,139.00,346.00,1,1,0.9
174,6,858.00,105.00,122.00,309.00,1,1,0.9
174,7,931.00,91.00,141.00,352.00,1,1,0.9
175,6,851.00,107.00,124.00,314.00,1,1,0.9
175,7,921.00,93.00,144.00,358.00,1,1,0.9
176,6,843.00,109.00,126.00,320.00,1,1,0.9
176,7,911.00,95.00,146.00,364.00,1,1,0.9
177,6,835.00,112.00,129.00,326.00,1,1,0.9
177,7,901.00,97.00,149.00,369.00,1,1,0.9
178,6,817.00,114.00,129.00,328.00,1,1,0.9
178,7,884.00,99.00,152.00,372.00,1,1,0.9
179,6,800.00,115.00,130.00,329.00,1,1,0.9
179,7,866.00,100.00,155.00,376.00,1,1,0.9
180,6,782.00,117.00,131.00,331.00,1,1,0.9
180,7,849.00,101.00,158.00,379.00,1,1,0.9
181,6,765.00,119.00,132.00,333.00,1,1,0.9
181,7,832.00,102.00,161.00,382.00,1,1,0.9
182,6,747.00,121.00,133.00,334.00,1,1,0.9
182,7,815.00,104.00,164.00,385.00,1,1,0.9
183,6,730.00,123.00,134.00,336.00,1,1,0.9
183,7,798.00,105.00,168.00,388.00,1,1,0.9
184,6,712.00,125.00,135.00,337.00,1,1,0.9
184,7,780.00,106.00,171.00,392.00,1,1,0.9
185,6,695.00,127.00,136.00,339.00,1,1,0.9
185,7,763.00,107.00,174.00,395.00,1,1,0.9
186,6,677.00,129.00,137.00,341.00,1,1,0.9
186,7,746.00,109.00,177.00,398.00,1,1,0.9
187,6,664.00,131.00,135.00,336.00,1,1,0.9
187,7,726.00,112.00,178.00,394.00,1,1,0.9
188,6,650.00,133.00,133.00,331.00,1,1,0.9
188,7,707.00,116.00,178.00,390.00,1,1,0.9
189,6,637.00,135.00,131.00,326.00,1,1,0.9
189,7,687.00,119.00,179.00,386.00,1,1,0.9
190,7,668.00,123.00,180.00,382.00,1,1,0.9
191,7,648.00,126.00,180.00,378.00,1,1,0.9
192,7,614.00,126.00,166.00,378.00,1,1,0.9
644,8,909.00,51.00,37.00,77.00,1,1,0.9
644,9,955.00,51.00,37.00,74.00,1,1,0.9
644,10,992.00,43.00,45.00,71.00,1,1,0.9
645,8,908.00,51.00,38.00,78.00,1,1,0.9
645,9,955.00,52.00,38.00,75.00,1,1,0.9
645,10,992.00,44.00,47.00,73.00,1,1,0.9
646,8,907.00,51.00,39.00,79.00,1,1,0.9
646,9,956.00,52.00,38.00,77.00,1,1,0.9
646,10,992.00,45.00,48.00,75.00,1,1,0.9
647,8,906.00,51.00,40.00,80.00,1,1,0.9
647,9,956.00,52.00,39.00,78.00,1,1,0.9
647,10,992.00,45.00,49.00,76.00,1,1,0.9
648,8,905.00,51.00,41.00,81.00,1,1,0.9
648,9,956.00,53.00,40.00,80.00,1,1,0.9
648,10,992.00,46.00,50.00,78.00,1,1,0.9
649,8,904.00,51.00,42.00,83.00,1,1,0.9
649,9,957.00,53.00,41.00,81.00,1,1,0.9
649,10,992.00,47.00,51.00,80.00,1,1,0.9
650,8,902.00,51.00,44.00,84.00,1,1,0.9
650,9,957.00,53.00,42.00,83.00,1,1,0.9
650,10,992.00,48.00,52.00,81.00,1,1,0.9
651,8,901.00,51.00,45.00,85.00,1,1,0.9
651,9,957.00,53.00,43.00,84.00,1,1,0.9
651,10,992.00,49.00,53.00,83.00,1,1,0.9
652,8,900.00,51.00,46.00,86.00,1,1,0.9
652,9,957.00,54.00,44.00,86.00,1,1,0.9
652,10,992.00,50.00,55.00,85.00,1,1,0.9
653,8,899.00,51.00,47.00,87.00,1,1,0.9
653,9,958.00,54.00,45.00,87.00,1,1,0.9
653,10,992.00,51.00,56.00,87.00,1,1,0.9
654,8,898.00,51.00,48.00,88.00,1,1,0.9
654,9,958.00,54.00,45.00,88.00,1,1,0.9
654,10,992.00,51.00,57.00,88.00,1,1,0.9
655,8,898.00,51.00,48.00,91.00,1,1,0.9
655,9,958.00,54.00,46.00,90.00,1,1,0.9
655,10,992.00,51.00,57.00,90.00,1,1,0.9
656,8,897.00,50.00,48.00,93.00,1,1,0.9
656,9,957.00,53.00,46.00,92.00,1,1,0.9
656,10,992.00,51.00,57.00,91.00,1,1,0.9
657,8,897.00,49.00,47.00,95.00,1,1,0.9
657,9,957.00,53.00,46.00,94.00,1,1,0.9
657,10,992.00,50.00,57.00,93.00,1,1,0.9
658,8,897.00,48.00,47.00,98.00,1,1,0.9
658,9,956.00,52.00,47.00,96.00,1,1,0.9
658,10,992.00,50.00,57.00,94.00,1,1,0.9
659,8,896.00,47.00,47.00,100.00,1,1,0.9
659,9,956.00,52.00,47.00,98.00,1,1,0.9
659,10,992.00,49.00,58.00,96.00,1,1,0.9
660,8,896.00,46.00,46.00,102.00,1,1,0.9
660,9,956.00,51.00,47.00,100.00,1,1,0.9
660,10,992.00,49.00,58.00,97.00,1,1,0.9
661,8,896.00,45.00,46.00,104.00,1,1,0.9
661,9,955.00,51.00,48.00,102.00,1,1,0.9
661,10,992.00,49.00,58.00,99.00,1,1,0.9
662,8,896.00,44.00,46.00,107.00,1,1,0.9
662,9,955.00,50.00,48.00,104.00,1,1,0.9
662,10,992.00,48.00,58.00,101.00,1,1,0.9
663,8,895.00,43.00,46.00,109.00,1,1,0.9
663,9,954.00,50.00,49.00,106.00,1,1,0.9
663,10,992.00,48.00,58.00,102.00,1,1,0.9
664,8,895.00,43.00,45.00,111.00,1,1,0.9
664,9,954.00,49.00,49.00,108.00,1,1,0.9
664,10,992.00,48.00,58.00,104.00,1,1,0.9
665,8,894.00,43.00,46.00,113.00,1,1,0.9
665,9,954.00,49.00,49.00,109.00,1,1,0.9
665,10,992.00,47.00,59.00,106.00,1,1,0.9
666,8,893.00,43.00,47.00,115.00,1,1,0.9
666,9,954.00,49.00,48.00,111.00,1,1,0.9
666,10,992.00,47.00,59.00,108.00,1,1,0.9
667,8,893.00,43.00,48.00,117.00,1,1,0.9
667,9,954.00,48.00,48.00,112.00,1,1,0.9
667,10,992.00,47.00,60.00,111.00,1,1,0.9
668,8,892.00,43.00,48.00,119.00,1,1,0.9
668,9,954.00,48.00,48.00,113.00,1,1,0.9
668,10,992.00,46.00,61.00,113.00,1,1,0.9
669,8,891.00,43.00,49.00,121.00,1,1,0.9
669,9,953.00,47.00,48.00,114.00,1,1,0.9
669,10,992.00,46.00,61.00,115.00,1,1,0.9
670,8,890.00,43.00,50.00,122.00,1,1,0.9
670,9,953.00,47.00,47.00,115.00,1,1,0.9
670,10,992.00,46.00,62.00,118.00,1,1,0.9
671,8,889.00,43.00,51.00,124.00,1,1,0.9
671,9,953.00,46.00,47.00,116.00,1,1,0.9
671,10,992.00,45.00,62.00,120.00,1,1,0.9
672,8,888.00,43.00,52.00,126.00,1,1,0.9
672,9,953.00,46.00,47.00,118.00,1,1,0.9
672,10,992.00,45.00,63.00,122.00,1,1,0.9
673,8,887.00,43.00,54.00,128.00,1,1,0.9
673,9,953.00,46.00,48.00,119.00,1,1,0.9
673,10,992.00,46.00,64.00,124.00,1,1,0.9
674,8,885.00,43.00,56.00,130.00,1,1,0.9
674,9,952.00,47.00,50.00,121.00,1,1,0.9
674,10,992.00,46.00,64.00,126.00,1,1,0.9
675,8,884.00,43.00,58.00,132.00,1,1,0.9
675,9,951.00,47.00,52.00,123.00,1,1,0.9
675,10,992.00,46.00,65.00,127.00,1,1,0.9
676,8,882.00,43.00,60.00,134.00,1,1,0.9
676,9,950.00,47.00,54.00,125.00,1,1,0.9
676,10,992.00,47.00,65.00,129.00,1,1,0.9
677,8,881.00,43.00,63.00,135.00,1,1,0.9
677,9,950.00,47.00,56.00,127.00,1,1,0.9
677,10,992.00,47.00,66.00,130.00,1,1,0.9
678,8,879.00,43.00,65.00,137.00,1,1,0.9
678,9,949.00,48.00,57.00,129.00,1,1,0.9
678,10,992.00,47.00,67.00,132.00,1,1,0.9
679,8,878.00,43.00,67.00,139.00,1,1,0.9
679,9,948.00,48.00,59.00,131.00,1,1,0.9
679,10,992.00,48.00,67.00,134.00,1,1,0.9
680,8,876.00,43.00,69.00,141.00,1,1,0.9
680,9,947.00,48.00,61.00,132.00,1,1,0.9
680,10,992.00,48.00,68.00,135.00,1,1,0.9
681,8,875.00,43.00,71.00,143.00,1,1,0.9
681,9,947.00,49.00,63.00,134.00,1,1,0.9
681,10,992.00,49.00,68.00,137.00,1,1,0.9
682,8,874.00,43.00,71.00,145.00,1,1,0.9
682,9,945.00,49.00,62.00,137.00,1,1,0.9
682,10,992.00,49.00,69.00,139.00,1,1,0.9
683,8,874.00,43.00,71.00,148.00,1,1,0.9
683,9,944.00,49.00,61.00,139.00,1,1,0.9
683,10,992.00,49.00,70.00,142.00,1,1,0.9
684,8,873.00,43.00,71.00,150.00,1,1,0.9
684,9,943.00,49.00,61.00,142.00,1,1,0.9
684,10,992.00,50.00,71.00,144.00,1,1,0.9
685,8,873.00,43.00,71.00,152.00,1,1,0.9
685,9,942.00,49.00,60.00,145.00,1,1,0.9
685,10,992.00,50.00,71.00,147.00,1,1,0.9
686,8,873.00,44.00,71.00,155.00,1,1,0.9
686,9,941.00,49.00,60.00,147.00,1,1,0.9
686,10,992.00,50.00,72.00,149.00,1,1,0.9
687,8,872.00,44.00,71.00,157.00,1,1,0.9
687,9,940.00,49.00,59.00,150.00,1,1,0.9
687,10,992.00,50.00,73.00,151.00,1,1,0.9
688,8,872.00,44.00,71.00,160.00,1,1,0.9
688,9,939.00,49.00,59.00,153.00,1,1,0.9
688,10,991.00,51.00,74.00,154.00,1,1,0.9
689,8,871.00,44.00,71.00,162.00,1,1,0.9
689,9,938.00,49.00,58.00,155.00,1,1,0.9
689,10,991.00,51.00,75.00,156.00,1,1,0.9
690,8,871.00,44.00,71.00,164.00,1,1,0.9
690,9,937.00,49.00,58.00,158.00,1,1,0.9
690,10,991.00,51.00,75.00,159.00,1,1,0.9
691,8,870.00,45.00,71.00,166.00,1,1,0.9
691,9,935.00,50.00,60.00,158.00,1,1,0.9
691,10,991.00,52.00,76.00,160.00,1,1,0.9
692,8,870.00,45.00,70.00,167.00,1,1,0.9
692,9,934.00,51.00,62.00,158.00,1,1,0.9
692,10,991.00,53.00,77.00,162.00,1,1,0.9
693,8,870.00,46.00,69.00,169.00,1,1,0.9
693,9,933.00,52.00,64.00,158.00,1,1,0.9
693,10,991.00,54.00,78.00,164.00,1,1,0.9
693,11,617.00,115.00,143.00,384.00,1,1,0.9
694,8,870.00,46.00,69.00,170.00,1,1,0.9
694,9,932.00,53.00,63.00,161.00,1,1,0.9
694,10,990.00,55.00,79.00,166.00,1,1,0.9
694,11,628.00,116.00,148.00,387.00,1,1,0.9
695,8,870.00,47.00,68.00,171.00,1,1,0.9
695,9,930.00,54.00,63.00,164.00,1,1,0.9
695,10,990.00,56.00,79.00,167.00,1,1,0.9
695,11,640.00,118.00,153.00,390.00,1,1,0.9
696,8,870.00,47.00,67.00,173.00,1,1,0.9
696,9,928.00,55.00,63.00,168.00,1,1,0.9
696,10,990.00,57.00,80.00,169.00,1,1,0.9
696,11,651.00,120.00,159.00,394.00,1,1,0.9
697,8,870.00,48.00,67.00,174.00,1,1,0.9
697,9,927.00,56.00,63.00,171.00,1,1,0.9
697,10,990.00,58.00,81.00,171.00,1,1,0.9
697,11,663.00,122.00,164.00,397.00,1,1,0.9
698,8,869.00,48.00,66.00,176.00,1,1,0.9
698,9,925.00,56.00,63.00,174.00,1,1,0.9
698,10,990.00,59.00,82.00,173.00,1,1,0.9
698,11,674.00,124.00,169.00,400.00,1,1,0.9
699,8,869.00,49.00,65.00,177.00,1,1,0.9
699,9,924.00,57.00,63.00,177.00,1,1,0.9
699,10,990.00,60.00,83.00,174.00,1,1,0.9
699,11,686.00,126.00,174.00,404.00,1,1,0.9
700,8,867.00,50.00,66.00,180.00,1,1,0.9
700,9,923.00,58.00,64.00,179.00,1,1,0.9
700,10,989.00,61.00,83.00,177.00,1,1,0.9
700,11,702.00,125.00,181.00,407.00,1,1,0.9
701,8,865.00,51.00,67.00,183.00,1,1,0.9
701,9,922.00,59.00,65.00,181.00,1,1,0.9
701,10,989.00,62.00,84.00,180.00,1,1,0.9
701,11,719.00,124.00,187.00,410.00,1,1,0.9
702,8,863.00,52.00,67.00,185.00,1,1,0.9
702,9,921.00,60.00,66.00,183.00,1,1,0.9
702,10,988.00,63.00,84.00,183.00,1,1,0.9
702,11,736.00,123.00,193.00,414.00,1,1,0.9
703,8,861.00,54.00,68.00,188.00,1,1,0.9
703,9,920.00,61.00,67.00,185.00,1,1,0.9
703,10,988.00,63.00,85.00,186.00,1,1,0.9
703,11,755.00,124.00,186.00,421.00,1,1,0.9
704,8,859.00,55.00,68.00,191.00,1,1,0.9
704,9,919.00,62.00,68.00,187.00,1,1,0.9
704,10,987.00,64.00,86.00,189.00,1,1,0.9
704,11,773.00,125.00,179.00,428.00,1,1,0.9
705,8,857.00,56.00,69.00,194.00,1,1,0.9
705,9,919.00,63.00,69.00,189.00,1,1,0.9
705,10,987.00,65.00,86.00,192.00,1,1,0.9
705,11,792.00,126.00,171.00,435.00,1,1,0.9
706,8,855.00,58.00,69.00,196.00,1,1,0.9
706,9,918.00,64.00,71.00,191.00,1,1,0.9
706,10,987.00,66.00,87.00,194.00,1,1,0.9
706,11,795.00,128.00,169.00,448.00,1,1,0.9
707,8,853.00,59.00,70.00,199.00,1,1,0.9
707,9,917.00,65.00,72.00,193.00,1,1,0.9
707,10,986.00,67.00,87.00,197.00,1,1,0.9
707,11,798.00,131.00,167.00,461.00,1,1,0.9
708,8,851.00,60.00,71.00,202.00,1,1,0.9
708,9,916.00,66.00,73.00,195.00,1,1,0.9
708,10,986.00,68.00,88.00,200.00,1,1,0.9
708,11,802.00,133.00,164.00,474.00,1,1,0.9
709,8,849.00,61.00,71.00,204.00,1,1,0.9
709,9,915.00,67.00,74.00,197.00,1,1,0.9
709,10,985.00,69.00,88.00,203.00,1,1,0.9
709,11,798.00,139.00,170.00,483.00,1,1,0.9
710,8,846.00,62.00,72.00,207.00,1,1,0.9
710,9,914.00,68.00,75.00,199.00,1,1,0.9
710,10,984.00,69.00,90.00,206.00,1,1,0.9
710,11,793.00,146.00,175.00,492.00,1,1,0.9
711,8,843.00,63.00,72.00,209.00,1,1,0.9
711,9,913.00,69.00,76.00,201.00,1,1,0.9
711,10,982.00,70.00,92.00,209.00,1,1,0.9
711,11,789.00,152.00,180.00,501.00,1,1,0.9
712,8,841.00,64.00,73.00,212.00,1,1,0.9
712,9,912.00,70.00,77.00,203.00,1,1,0.9
712,10,981.00,71.00,94.00,212.00,1,1,0.9
712,11,775.00,156.00,183.00,510.00,1,1,0.9
713,8,838.00,65.00,73.00,214.00,1,1,0.9
713,9,910.00,71.00,79.00,205.00,1,1,0.9
713,10,979.00,72.00,95.00,215.00,1,1,0.9
713,11,762.00,161.00,187.00,520.00,1,1,0.9
714,8,835.00,66.00,74.00,217.00,1,1,0.9
714,9,909.00,72.00,80.00,207.00,1,1,0.9
714,10,977.00,73.00,97.00,217.00,1,1,0.9
714,11,748.00,166.00,190.00,529.00,1,1,0.9
715,8,832.00,67.00,75.00,219.00,1,1,0.9
715,9,908.00,73.00,81.00,209.00,1,1,0.9
715,10,976.00,74.00,99.00,220.00,1,1,0.9
715,11,734.00,170.00,193.00,538.00,1,1,0.9
716,8,829.00,68.00,75.00,222.00,1,1,0.9
716,9,907.00,74.00,82.00,211.00,1,1,0.9
716,10,974.00,75.00,100.00,223.00,1,1,0.9
716,11,721.00,175.00,196.00,548.00,1,1,0.9
717,8,826.00,69.00,76.00,224.00,1,1,0.9
717,9,906.00,75.00,83.00,213.00,1,1,0.9
717,10,973.00,76.00,102.00,226.00,1,1,0.9
717,11,707.00,180.00,199.00,557.00,1,1,0.9
718,8,823.00,70.00,76.00,226.00,1,1,0.9
718,9,905.00,76.00,84.00,215.00,1,1,0.9
718,10,971.00,76.00,104.00,229.00,1,1,0.9
718,11,694.00,184.00,203.00,566.00,1,1,0.9
719,8,820.00,71.00,77.00,229.00,1,1,0.9
719,9,904.00,77.00,86.00,217.00,1,1,0.9
719,10,970.00,77.00,106.00,232.00,1,1,0.9
719,11,680.00,189.00,206.00,576.00,1,1,0.9
720,8,818.00,73.00,78.00,231.00,1,1,0.9
720,9,902.00,78.00,87.00,217.00,1,1,0.9
720,10,967.00,78.00,107.00,236.00,1,1,0.9
720,11,650.00,196.00,226.00,575.00,1,1,0.9
721,8,816.00,74.00,79.00,232.00,1,1,0.9
721,9,901.00,78.00,88.00,216.00,1,1,0.9
721,10,965.00,78.00,108.00,240.00,1,1,0.9
721,11,620.00,203.00,246.00,573.00,1,1,0.9
722,8,814.00,75.00,80.00,234.00,1,1,0.9
722,9,900.00,79.00,89.00,216.00,1,1,0.9
722,10,963.00,79.00,109.00,244.00,1,1,0.9
722,11,591.00,210.00,266.00,572.00,1,1,0.9
723,8,811.00,76.00,81.00,236.00,1,1,0.9
723,9,899.00,80.00,90.00,215.00,1,1,0.9
723,10,960.00,80.00,110.00,248.00,1,1,0.9
723,11,561.00,217.00,286.00,571.00,1,1,0.9
724,8,809.00,77.00,83.00,237.00,1,1,0.9
724,9,898.00,80.00,91.00,215.00,1,1,0.9
724,10,958.00,80.00,111.00,252.00,1,1,0.9
724,11,531.00,223.00,306.00,570.00,1,1,0.9
725,8,811.00,79.00,82.00,238.00,1,1,0.9
725,9,898.00,80.00,92.00,215.00,1,1,0.9
725,10,956.00,82.00,111.00,254.00,1,1,0.9
725,11,496.00,233.00,311.00,567.00,1,1,0.9
726,8,812.00,80.00,82.00,239.00,1,1,0.9
726,9,898.00,81.00,93.00,215.00,1,1,0.9
726,10,955.00,84.00,110.00,256.00,1,1,0.9
726,11,460.00,243.00,317.00,564.00,1,1,0.9
727,8,814.00,82.00,81.00,240.00,1,1,0.9
727,9,898.00,81.00,94.00,215.00,1,1,0.9
727,10,953.00,87.00,110.00,258.00,1,1,0.9
727,11,425.00,253.00,322.00,561.00,1,1,0.9
728,8,816.00,83.00,81.00,240.00,1,1,0.9
728,9,898.00,81.00,95.00,215.00,1,1,0.9
728,10,951.00,89.00,109.00,260.00,1,1,0.9
728,11,390.00,263.00,327.00,558.00,1,1,0.9
729,8,817.00,84.00,80.00,241.00,1,1,0.9
729,9,898.00,81.00,96.00,216.00,1,1,0.9
729,10,950.00,91.00,109.00,263.00,1,1,0.9
729,11,354.00,272.00,333.00,554.00,1,1,0.9
730,8,819.00,86.00,80.00,242.00,1,1,0.9
730,9,898.00,82.00,97.00,216.00,1,1,0.9
730,10,948.00,93.00,108.00,265.00,1,1,0.9
730,11,319.00,282.00,338.00,551.00,1,1,0.9
731,8,818.00,85.00,86.00,244.00,1,1,0.9
731,9,898.00,82.00,98.00,216.00,1,1,0.9
731,10,946.00,94.00,107.00,268.00,1,1,0.9
731,11,283.00,292.00,343.00,548.00,1,1,0.9
732,8,817.00,85.00,92.00,247.00,1,1,0.9
732,9,898.00,82.00,99.00,216.00,1,1,0.9
732,10,945.00,95.00,106.00,271.00,1,1,0.9
732,11,248.00,302.00,348.00,545.00,1,1,0.9
733,8,815.00,84.00,98.00,250.00,1,1,0.9
733,9,898.00,82.00,100.00,217.00,1,1,0.9
733,10,943.00,97.00,104.00,274.00,1,1,0.9
733,11,213.00,312.00,354.00,542.00,1,1,0.9
734,8,814.00,84.00,105.00,252.00,1,1,0.9
734,9,898.00,82.00,101.00,217.00,1,1,0.9
734,10,941.00,98.00,103.00,277.00,1,1,0.9
734,11,177.00,321.00,359.00,539.00,1,1,0.9
735,8,813.00,83.00,111.00,255.00,1,1,0.9
735,9,898.00,83.00,102.00,217.00,1,1,0.9
735,10,940.00,99.00,101.00,280.00,1,1,0.9
735,11,142.00,331.00,364.00,536.00,1,1,0.9
736,8,812.00,83.00,117.00,257.00,1,1,0.9
736,9,898.00,83.00,103.00,217.00,1,1,0.9
736,10,938.00,100.00,100.00,283.00,1,1,0.9
736,11,107.00,341.00,369.00,533.00,1,1,0.9
737,8,814.00,83.00,116.00,255.00,1,1,0.9
737,9,900.00,83.00,101.00,217.00,1,1,0.9
737,10,938.00,101.00,102.00,283.00,1,1,0.9
737,11,81.00,348.00,367.00,533.00,1,1,0.9
738,8,815.00,83.00,115.00,253.00,1,1,0.9
738,9,901.00,83.00,99.00,217.00,1,1,0.9
738,10,937.00,101.00,104.00,282.00,1,1,0.9
738,11,55.00,354.00,365.00,533.00,1,1,0.9
739,8,817.00,83.00,113.00,250.00,1,1,0.9
739,9,903.00,83.00,98.00,217.00,1,1,0.9
739,10,937.00,101.00,106.00,282.00,1,1,0.9
739,11,29.00,361.00,363.00,533.00,1,1,0.9
740,8,818.00,83.00,112.00,248.00,1,1,0.9
740,9,904.00,83.00,96.00,217.00,1,1,0.9
740,10,936.00,102.00,108.00,282.00,1,1,0.9
740,11,3.00,367.00,361.00,533.00,1,1,0.9
741,8,820.00,83.00,111.00,245.00,1,1,0.9
741,9,906.00,83.00,95.00,217.00,1,1,0.9
741,10,936.00,102.00,110.00,281.00,1,1,0.9
741,11,-21.00,374.00,359.00,533.00,1,1,0.9
742,8,822.00,83.00,110.00,243.00,1,1,0.9
742,9,908.00,83.00,93.00,217.00,1,1,0.9
742,10,936.00,103.00,112.00,281.00,1,1,0.9
742,11,-47.00,380.00,357.00,533.00,1,1,0.9
743,8,823.00,83.00,108.00,240.00,1,1,0.9
743,9,909.00,83.00,91.00,217.00,1,1,0.9
743,10,935.00,103.00,114.00,280.00,1,1,0.9
743,11,-73.00,387.00,355.00,533.00,1,1,0.9
744,8,824.00,84.00,107.00,240.00,1,1,0.9
744,9,910.00,83.00,91.00,218.00,1,1,0.9
744,10,936.00,103.00,114.00,279.00,1,1,0.9
744,11,-94.00,386.00,354.00,534.00,1,1,0.9
745,8,825.00,84.00,107.00,240.00,1,1,0.9
745,9,910.00,82.00,91.00,218.00,1,1,0.9
745,10,937.00,102.00,114.00,277.00,1,1,0.9
745,11,-114.00,385.00,354.00,535.00,1,1,0.9
746,8,826.00,85.00,106.00,239.00,1,1,0.9
746,9,910.00,82.00,90.00,218.00,1,1,0.9
746,10,938.00,102.00,113.00,276.00,1,1,0.9
746,11,-135.00,383.00,353.00,536.00,1,1,0.9
747,8,827.00,86.00,105.00,239.00,1,1,0.9
747,9,911.00,82.00,90.00,219.00,1,1,0.9
747,10,939.00,102.00,113.00,274.00,1,1,0.9
747,11,-155.00,382.00,353.00,537.00,1,1,0.9
748,8,828.00,86.00,104.00,239.00,1,1,0.9
748,9,911.00,81.00,90.00,219.00,1,1,0.9
748,10,940.00,101.00,113.00,272.00,1,1,0.9
748,11,-176.00,381.00,352.00,538.00,1,1,0.9
749,8,829.00,87.00,103.00,238.00,1,1,0.9
749,9,911.00,81.00,89.00,219.00,1,1,0.9
749,10,941.00,101.00,112.00,271.00,1,1,0.9
749,11,-194.00,378.00,340.00,535.00,1,1,0.9
750,8,830.00,87.00,102.00,238.00,1,1,0.9
750,9,912.00,81.00,89.00,220.00,1,1,0.9
750,10,942.00,101.00,112.00,269.00,1,1,0.9
750,11,-212.00,374.00,328.00,531.00,1,1,0.9
751,8,831.00,88.00,101.00,238.00,1,1,0.9
751,9,912.00,80.00,89.00,220.00,1,1,0.9
751,10,943.00,100.00,112.00,268.00,1,1,0.9
751,11,-230.00,370.00,316.00,528.00,1,1,0.9
752,8,832.00,89.00,100.00,237.00,1,1,0.9
752,9,912.00,80.00,88.00,220.00,1,1,0.9
752,10,944.00,100.00,111.00,266.00,1,1,0.9
752,11,-248.00,367.00,303.00,524.00,1,1,0.9
753,8,832.00,89.00,100.00,237.00,1,1,0.9
753,9,912.00,80.00,88.00,220.00,1,1,0.9
753,10,944.00,99.00,109.00,264.00,1,1,0.9
754,8,832.00,89.00,100.00,237.00,1,1,0.9
754,9,912.00,80.00,87.00,220.00,1,1,0.9
754,10,944.00,98.00,107.00,262.00,1,1,0.9
755,8,832.00,89.00,100.00,237.00,1,1,0.9
755,9,912.00,80.00,87.00,220.00,1,1,0.9
755,10,944.00,97.00,104.00,259.00,1,1,0.9
756,8,832.00,89.00,100.00,237.00,1,1,0.9
756,9,912.00,80.00,86.00,220.00,1,1,0.9
756,10,944.00,96.00,102.00,257.00,1,1,0.9
757,8,832.00,89.00,100.00,237.00,1,1,0.9
757,9,912.00,80.00,86.00,220.00,1,1,0.9
757,10,944.00,94.00,100.00,255.00,1,1,0.9
758,8,832.00,89.00,100.00,237.00,1,1,0.9
758,9,912.00,80.00,85.00,220.00,1,1,0.9
758,10,944.00,93.00,98.00,252.00,1,1,0.9
759,8,831.00,88.00,100.00,238.00,1,1,0.9
759,9,912.00,80.00,85.00,220.00,1,1,0.9
759,10,944.00,92.00,95.00,250.00,1,1,0.9
760,8,831.00,87.00,100.00,239.00,1,1,0.9
760,9,912.00,80.00,84.00,220.00,1,1,0.9
760,10,944.00,91.00,93.00,248.00,1,1,0.9
761,8,830.00,87.00,101.00,240.00,1,1,0.9
761,9,912.00,80.00,84.00,220.00,1,1,0.9
761,10,944.00,90.00,91.00,245.00,1,1,0.9
762,8,829.00,86.00,101.00,241.00,1,1,0.9
762,9,912.00,80.00,83.00,220.00,1,1,0.9
762,10,944.00,89.00,88.00,243.00,1,1,0.9
763,8,829.00,85.00,101.00,242.00,1,1,0.9
763,9,912.00,80.00,83.00,220.00,1,1,0.9
763,10,942.00,89.00,88.00,243.00,1,1,0.9
764,8,828.00,84.00,102.00,243.00,1,1,0.9
764,9,912.00,80.00,83.00,220.00,1,1,0.9
764,10,941.00,89.00,88.00,242.00,1,1,0.9
765,8,827.00,84.00,102.00,244.00,1,1,0.9
765,9,912.00,80.00,84.00,220.00,1,1,0.9
765,10,940.00,89.00,87.00,241.00,1,1,0.9
766,8,827.00,83.00,102.00,244.00,1,1,0.9
766,9,912.00,80.00,84.00,220.00,1,1,0.9
766,10,939.00,89.00,87.00,241.00,1,1,0.9
767,8,826.00,82.00,102.00,245.00,1,1,0.9
767,9,912.00,80.00,85.00,220.00,1,1,0.9
767,10,937.00,89.00,87.00,240.00,1,1,0.9
768,8,825.00,81.00,103.00,246.00,1,1,0.9
768,9,912.00,80.00,85.00,220.00,1,1,0.9
768,10,936.00,89.00,86.00,239.00,1,1,0.9
769,8,825.00,82.00,102.00,247.00,1,1,0.9
769,9,912.00,80.00,86.00,220.00,1,1,0.9
769,10,935.00,89.00,86.00,239.00,1,1,0.9
770,8,824.00,82.00,101.00,248.00,1,1,0.9
770,9,912.00,80.00,86.00,220.00,1,1,0.9
770,10,934.00,89.00,86.00,238.00,1,1,0.9
771,8,823.00,83.00,100.00,249.00,1,1,0.9
771,9,912.00,80.00,87.00,220.00,1,1,0.9
771,10,932.00,89.00,86.00,237.00,1,1,0.9
772,8,821.00,83.00,101.00,250.00,1,1,0.9
772,9,912.00,80.00,87.00,220.00,1,1,0.9
772,10,932.00,88.00,85.00,239.00,1,1,0.9
773,8,819.00,83.00,103.00,252.00,1,1,0.9
773,9,912.00,80.00,88.00,220.00,1,1,0.9
773,10,932.00,86.00,84.00,240.00,1,1,0.9
774,8,816.00,83.00,104.00,253.00,1,1,0.9
774,9,912.00,80.00,88.00,220.00,1,1,0.9
774,10,932.00,85.00,84.00,241.00,1,1,0.9
775,8,814.00,83.00,106.00,255.00,1,1,0.9
775,9,911.00,80.00,90.00,220.00,1,1,0.9
775,10,932.00,84.00,83.00,242.00,1,1,0.9
776,8,811.00,83.00,107.00,256.00,1,1,0.9
776,9,909.00,80.00,91.00,220.00,1,1,0.9
776,10,932.00,83.00,83.00,243.00,1,1,0.9
777,8,809.00,83.00,108.00,257.00,1,1,0.9
777,9,899.00,80.00,94.00,222.00,1,1,0.9
777,10,935.00,83.00,86.00,246.00,1,1,0.9
778,8,807.00,83.00,105.00,258.00,1,1,0.9
778,9,889.00,80.00,97.00,225.00,1,1,0.9
778,10,938.00,83.00,88.00,249.00,1,1,0.9
779,8,805.00,83.00,101.00,259.00,1,1,0.9
779,9,879.00,80.00,100.00,227.00,1,1,0.9
779,10,941.00,83.00,91.00,252.00,1,1,0.9
780,8,803.00,83.00,97.00,260.00,1,1,0.9
780,9,869.00,80.00,103.00,229.00,1,1,0.9
780,10,944.00,83.00,94.00,255.00,1,1,0.9
781,8,802.00,85.00,98.00,265.00,1,1,0.9
781,9,864.00,82.00,96.00,230.00,1,1,0.9
781,10,942.00,85.00,96.00,257.00,1,1,0.9
782,8,802.00,86.00,98.00,270.00,1,1,0.9
782,9,859.00,84.00,88.00,231.00,1,1,0.9
782,10,940.00,86.00,98.00,259.00,1,1,0.9
783,8,801.00,88.00,99.00,274.00,1,1,0.9
783,9,853.00,86.00,81.00,231.00,1,1,0.9
783,10,938.00,88.00,100.00,262.00,1,1,0.9
784,8,800.00,90.00,99.00,279.00,1,1,0.9
784,9,850.00,88.00,81.00,231.00,1,1,0.9
784,10,936.00,90.00,102.00,264.00,1,1,0.9
785,8,799.00,92.00,100.00,283.00,1,1,0.9
785,9,846.00,90.00,82.00,231.00,1,1,0.9
785,10,934.00,92.00,104.00,266.00,1,1,0.9
786,8,798.00,93.00,100.00,288.00,1,1,0.9
786,9,842.00,92.00,82.00,232.00,1,1,0.9
786,10,932.00,93.00,106.00,268.00,1,1,0.9
787,8,797.00,95.00,101.00,292.00,1,1,0.9
787,9,838.00,94.00,82.00,232.00,1,1,0.9
787,10,930.00,95.00,108.00,271.00,1,1,0.9
788,8,796.00,97.00,102.00,297.00,1,1,0.9
788,9,834.00,96.00,82.00,232.00,1,1,0.9
788,10,928.00,97.00,110.00,273.00,1,1,0.9
789,8,796.00,98.00,102.00,302.00,1,1,0.9
789,9,830.00,98.00,82.00,232.00,1,1,0.9
789,10,926.00,98.00,112.00,275.00,1,1,0.9
790,8,795.00,100.00,103.00,306.00,1,1,0.9
790,9,826.00,100.00,83.00,232.00,1,1,0.9
790,10,924.00,100.00,114.00,278.00,1,1,0.9
791,8,792.00,103.00,104.00,308.00,1,1,0.9
791,9,824.00,102.00,84.00,237.00,1,1,0.9
791,10,920.00,102.00,115.00,281.00,1,1,0.9
792,8,790.00,106.00,106.00,311.00,1,1,0.9
792,9,822.00,104.00,86.00,243.00,1,1,0.9
792,10,916.00,104.00,116.00,285.00,1,1,0.9
793,8,787.00,109.00,108.00,313.00,1,1,0.9
793,9,820.00,106.00,87.00,249.00,1,1,0.9
793,10,912.00,107.00,116.00,289.00,1,1,0.9
794,8,785.00,112.00,109.00,315.00,1,1,0.9
794,9,818.00,108.00,88.00,255.00,1,1,0.9
794,10,908.00,109.00,117.00,293.00,1,1,0.9
795,8,783.00,115.00,111.00,317.00,1,1,0.9
795,9,815.00,110.00,90.00,260.00,1,1,0.9
795,10,905.00,111.00,118.00,297.00,1,1,0.9
796,8,780.00,117.00,113.00,319.00,1,1,0.9
796,9,813.00,112.00,91.00,266.00,1,1,0.9
796,10,901.00,113.00,118.00,300.00,1,1,0.9
797,8,767.00,120.00,116.00,326.00,1,1,0.9
797,9,811.00,114.00,93.00,272.00,1,1,0.9
797,10,897.00,115.00,119.00,304.00,1,1,0.9
798,8,755.00,123.00,120.00,333.00,1,1,0.9
798,9,809.00,115.00,94.00,278.00,1,1,0.9
798,10,893.00,117.00,120.00,308.00,1,1,0.9
799,8,742.00,126.00,123.00,340.00,1,1,0.9
799,9,807.00,117.00,96.00,283.00,1,1,0.9
799,10,889.00,120.00,121.00,312.00,1,1,0.9
800,8,729.00,129.00,127.00,347.00,1,1,0.9
800,9,805.00,119.00,97.00,289.00,1,1,0.9
800,10,885.00,122.00,121.00,316.00,1,1,0.9
801,8,716.00,132.00,131.00,354.00,1,1,0.9
801,9,803.00,121.00,98.00,295.00,1,1,0.9
801,10,882.00,124.00,122.00,320.00,1,1,0.9
802,8,703.00,135.00,134.00,361.00,1,1,0.9
802,9,800.00,123.00,100.00,301.00,1,1,0.9
802,10,878.00,126.00,123.00,323.00,1,1,0.9
803,8,691.00,136.00,134.00,361.00,1,1,0.9
803,9,797.00,125.00,100.00,302.00,1,1,0.9
803,10,868.00,128.00,122.00,325.00,1,1,0.9
804,8,678.00,136.00,133.00,361.00,1,1,0.9
804,9,794.00,126.00,100.00,304.00,1,1,0.9
804,10,858.00,131.00,121.00,327.00,1,1,0.9
805,8,666.00,137.00,133.00,361.00,1,1,0.9
805,9,790.00,127.00,100.00,306.00,1,1,0.9
805,10,848.00,133.00,120.00,329.00,1,1,0.9
806,8,653.00,138.00,132.00,361.00,1,1,0.9
806,9,787.00,129.00,100.00,308.00,1,1,0.9
806,10,838.00,136.00,119.00,331.00,1,1,0.9
807,8,641.00,139.00,132.00,361.00,1,1,0.9
807,9,784.00,130.00,100.00,310.00,1,1,0.9
807,10,828.00,138.00,118.00,333.00,1,1,0.9
808,8,628.00,140.00,131.00,361.00,1,1,0.9
808,9,780.00,132.00,100.00,312.00,1,1,0.9
808,10,818.00,140.00,117.00,335.00,1,1,0.9
809,9,768.00,133.00,107.00,311.00,1,1,0.9
809,10,803.00,142.00,120.00,337.00,1,1,0.9
810,9,756.00,135.00,114.00,311.00,1,1,0.9
810,10,789.00,144.00,123.00,339.00,1,1,0.9
811,9,744.00,137.00,121.00,310.00,1,1,0.9
811,10,775.00,146.00,127.00,341.00,1,1,0.9
812,9,732.00,139.00,129.00,309.00,1,1,0.9
812,10,760.00,147.00,130.00,343.00,1,1,0.9
813,9,719.00,141.00,136.00,308.00,1,1,0.9
813,10,746.00,149.00,133.00,346.00,1,1,0.9
814,9,707.00,142.00,143.00,308.00,1,1,0.9
814,10,732.00,151.00,136.00,348.00,1,1,0.9
815,9,695.00,144.00,150.00,307.00,1,1,0.9
815,10,717.00,153.00,140.00,350.00,1,1,0.9
816,9,683.00,146.00,157.00,306.00,1,1,0.9
816,10,703.00,155.00,143.00,352.00,1,1,0.9
817,9,673.00,145.00,151.00,307.00,1,1,0.9
817,10,694.00,155.00,139.00,352.00,1,1,0.9
818,9,662.00,145.00,146.00,307.00,1,1,0.9
818,10,686.00,156.00,135.00,352.00,1,1,0.9
819,9,652.00,144.00,140.00,308.00,1,1,0.9
819,10,677.00,156.00,131.00,352.00,1,1,0.9
820,9,642.00,144.00,134.00,309.00,1,1,0.9
820,10,669.00,157.00,127.00,352.00,1,1,0.9
821,9,631.00,143.00,129.00,309.00,1,1,0.9
821,10,660.00,157.00,123.00,352.00,1,1,0.9
822,9,622.00,143.00,136.00,309.00,1,1,0.9
822,10,636.00,157.00,137.00,352.00,1,1,0.9
823,9,612.00,143.00,144.00,309.00,1,1,0.9
823,10,612.00,157.00,151.00,352.00,1,1,0.9
824,9,603.00,143.00,151.00,309.00,1,1,0.9
824,10,588.00,157.00,166.00,352.00,1,1,0.9
855,12,1033.00,43.00,48.00,83.00,1,1,0.9
856,12,1035.00,42.00,47.00,85.00,1,1,0.9
857,12,1037.00,41.00,46.00,87.00,1,1,0.9
858,12,1039.00,40.00,45.00,90.00,1,1,0.9
859,12,1040.00,40.00,44.00,92.00,1,1,0.9
860,12,1042.00,39.00,43.00,94.00,1,1,0.9
861,12,1044.00,38.00,41.00,96.00,1,1,0.9
862,12,1046.00,37.00,40.00,99.00,1,1,0.9
863,12,1048.00,37.00,39.00,101.00,1,1,0.9
863,13,-259.00,338.00,372.00,510.00,1,1,0.9
864,12,1050.00,36.00,38.00,103.00,1,1,0.9
864,13,-225.00,346.00,361.00,507.00,1,1,0.9
865,12,1050.00,37.00,39.00,104.00,1,1,0.9
865,13,-191.00,353.00,350.00,505.00,1,1,0.9
866,12,1050.00,38.00,40.00,104.00,1,1,0.9
866,13,-157.00,361.00,339.00,503.00,1,1,0.9
867,12,1050.00,39.00,41.00,104.00,1,1,0.9
867,13,-124.00,369.00,328.00,500.00,1,1,0.9
868,12,1050.00,41.00,42.00,104.00,1,1,0.9
868,13,-90.00,376.00,317.00,498.00,1,1,0.9
869,12,1050.00,42.00,43.00,105.00,1,1,0.9
869,13,-56.00,384.00,306.00,495.00,1,1,0.9
870,12,1050.00,43.00,44.00,105.00,1,1,0.9
870,13,-29.00,375.00,329.00,505.00,1,1,0.9
871,12,1050.00,44.00,44.00,105.00,1,1,0.9
871,13,-2.00,367.00,352.00,515.00,1,1,0.9
872,12,1050.00,46.00,45.00,106.00,1,1,0.9
872,13,24.00,358.00,375.00,524.00,1,1,0.9
873,12,1048.00,45.00,46.00,108.00,1,1,0.9
873,13,51.00,354.00,377.00,531.00,1,1,0.9
874,12,1046.00,45.00,47.00,110.00,1,1,0.9
874,13,79.00,349.00,379.00,537.00,1,1,0.9
875,12,1045.00,45.00,47.00,112.00,1,1,0.9
875,13,106.00,344.00,381.00,544.00,1,1,0.9
876,12,1043.00,45.00,48.00,115.00,1,1,0.9
876,13,134.00,340.00,383.00,550.00,1,1,0.9
877,12,1041.00,44.00,48.00,117.00,1,1,0.9
877,13,161.00,335.00,385.00,557.00,1,1,0.9
878,12,1039.00,44.00,49.00,119.00,1,1,0.9
878,13,189.00,331.00,387.00,564.00,1,1,0.9
879,12,1038.00,44.00,49.00,122.00,1,1,0.9
879,13,216.00,326.00,389.00,570.00,1,1,0.9
880,12,1036.00,43.00,50.00,124.00,1,1,0.9
880,13,244.00,321.00,391.00,577.00,1,1,0.9
881,12,1034.00,43.00,51.00,126.00,1,1,0.9
881,13,271.00,317.00,393.00,583.00,1,1,0.9
882,12,1033.00,43.00,51.00,129.00,1,1,0.9
882,13,299.00,312.00,395.00,590.00,1,1,0.9
883,12,1030.00,42.00,54.00,132.00,1,1,0.9
883,13,343.00,307.00,386.00,595.00,1,1,0.9
884,12,1027.00,41.00,56.00,135.00,1,1,0.9
884,13,388.00,301.00,377.00,601.00,1,1,0.9
885,12,1024.00,40.00,59.00,139.00,1,1,0.9
885,13,432.00,296.00,368.00,606.00,1,1,0.9
886,12,1021.00,40.00,62.00,142.00,1,1,0.9
886,13,477.00,290.00,359.00,611.00,1,1,0.9
887,12,1018.00,39.00,64.00,145.00,1,1,0.9
887,13,521.00,285.00,351.00,616.00,1,1,0.9
887,14,990.00,31.00,43.00,120.00,1,1,0.9
888,12,1015.00,38.00,67.00,149.00,1,1,0.9
888,13,556.00,279.00,332.00,621.00,1,1,0.9
888,14,992.00,31.00,44.00,122.00,1,1,0.9
889,12,1013.00,37.00,69.00,152.00,1,1,0.9
889,13,591.00,274.00,314.00,625.00,1,1,0.9
889,14,994.00,30.00,45.00,125.00,1,1,0.9
890,12,1010.00,37.00,72.00,156.00,1,1,0.9
890,13,626.00,269.00,295.00,629.00,1,1,0.9
890,14,996.00,30.00,46.00,127.00,1,1,0.9
891,12,1007.00,36.00,75.00,159.00,1,1,0.9
891,13,662.00,263.00,277.00,633.00,1,1,0.9
891,14,998.00,29.00,47.00,129.00,1,1,0.9
892,12,1004.00,35.00,77.00,162.00,1,1,0.9
892,13,697.00,258.00,259.00,637.00,1,1,0.9
892,14,1000.00,29.00,48.00,132.00,1,1,0.9
893,12,1001.00,34.00,80.00,166.00,1,1,0.9
893,13,732.00,252.00,240.00,642.00,1,1,0.9
893,14,1002.00,28.00,50.00,134.00,1,1,0.9
894,12,1001.00,35.00,80.00,168.00,1,1,0.9
894,13,751.00,244.00,236.00,634.00,1,1,0.9
894,14,1005.00,28.00,51.00,137.00,1,1,0.9
895,12,1000.00,35.00,80.00,169.00,1,1,0.9
895,13,771.00,235.00,231.00,626.00,1,1,0.9
895,14,1007.00,28.00,52.00,139.00,1,1,0.9
896,12,1000.00,35.00,80.00,171.00,1,1,0.9
896,13,790.00,226.00,226.00,619.00,1,1,0.9
896,14,1009.00,27.00,53.00,141.00,1,1,0.9
897,12,1000.00,36.00,80.00,173.00,1,1,0.9
897,13,810.00,218.00,221.00,611.00,1,1,0.9
897,14,1011.00,27.00,54.00,144.00,1,1,0.9
898,12,999.00,36.00,80.00,175.00,1,1,0.9
898,13,830.00,209.00,216.00,603.00,1,1,0.9
898,14,1013.00,26.00,56.00,146.00,1,1,0.9
899,12,999.00,36.00,80.00,177.00,1,1,0.9
899,13,849.00,201.00,212.00,596.00,1,1,0.9
899,14,1015.00,26.00,57.00,149.00,1,1,0.9
900,12,999.00,37.00,80.00,178.00,1,1,0.9
900,13,868.00,186.00,200.00,556.00,1,1,0.9
900,14,1017.00,26.00,58.00,150.00,1,1,0.9
901,12,998.00,37.00,80.00,180.00,1,1,0.9
901,13,886.00,172.00,189.00,515.00,1,1,0.9
901,14,1018.00,26.00,59.00,152.00,1,1,0.9
902,12,998.00,38.00,81.00,184.00,1,1,0.9
902,13,885.00,171.00,185.00,517.00,1,1,0.9
902,14,1019.00,26.00,60.00,154.00,1,1,0.9
903,12,998.00,40.00,83.00,187.00,1,1,0.9
903,13,884.00,170.00,181.00,518.00,1,1,0.9
903,14,1020.00,26.00,61.00,155.00,1,1,0.9
904,12,997.00,41.00,85.00,191.00,1,1,0.9
904,13,883.00,169.00,177.00,519.00,1,1,0.9
904,14,1021.00,26.00,63.00,157.00,1,1,0.9
905,12,997.00,42.00,86.00,194.00,1,1,0.9
905,13,870.00,164.00,175.00,508.00,1,1,0.9
905,14,1022.00,27.00,63.00,159.00,1,1,0.9
906,12,997.00,43.00,88.00,198.00,1,1,0.9
906,13,857.00,158.00,172.00,496.00,1,1,0.9
906,14,1023.00,28.00,63.00,160.00,1,1,0.9
907,12,996.00,45.00,89.00,201.00,1,1,0.9
907,13,844.00,153.00,170.00,484.00,1,1,0.9
907,14,1024.00,28.00,64.00,162.00,1,1,0.9
908,12,996.00,46.00,91.00,205.00,1,1,0.9
908,13,832.00,148.00,168.00,473.00,1,1,0.9
908,14,1024.00,29.00,64.00,164.00,1,1,0.9
909,12,996.00,47.00,93.00,208.00,1,1,0.9
909,13,819.00,143.00,165.00,461.00,1,1,0.9
909,14,1025.00,30.00,65.00,165.00,1,1,0.9
910,12,995.00,49.00,94.00,212.00,1,1,0.9
910,13,806.00,137.00,163.00,450.00,1,1,0.9
910,14,1025.00,32.00,66.00,167.00,1,1,0.9
911,12,996.00,50.00,96.00,217.00,1,1,0.9
911,13,788.00,137.00,170.00,440.00,1,1,0.9
911,14,1026.00,34.00,67.00,169.00,1,1,0.9
912,12,996.00,51.00,99.00,223.00,1,1,0.9
912,13,769.00,136.00,177.00,431.00,1,1,0.9
912,14,1026.00,35.00,68.00,171.00,1,1,0.9
913,12,997.00,52.00,101.00,228.00,1,1,0.9
913,13,750.00,136.00,184.00,422.00,1,1,0.9
913,14,1026.00,37.00,69.00,173.00,1,1,0.9
914,12,997.00,53.00,103.00,234.00,1,1,0.9
914,13,732.00,136.00,192.00,413.00,1,1,0.9
914,14,1026.00,38.00,70.00,175.00,1,1,0.9
915,12,998.00,54.00,106.00,239.00,1,1,0.9
915,13,713.00,135.00,199.00,404.00,1,1,0.9
915,14,1026.00,40.00,71.00,177.00,1,1,0.9
916,12,998.00,55.00,108.00,244.00,1,1,0.9
916,13,694.00,135.00,206.00,395.00,1,1,0.9
916,14,1026.00,42.00,73.00,179.00,1,1,0.9
917,12,999.00,56.00,111.00,250.00,1,1,0.9
917,13,669.00,134.00,186.00,396.00,1,1,0.9
917,14,1026.00,43.00,74.00,181.00,1,1,0.9
918,12,1000.00,57.00,113.00,255.00,1,1,0.9
918,13,644.00,133.00,167.00,396.00,1,1,0.9
918,14,1027.00,45.00,75.00,183.00,1,1,0.9
919,12,1000.00,58.00,115.00,261.00,1,1,0.9
919,13,619.00,133.00,147.00,397.00,1,1,0.9
919,14,1027.00,47.00,76.00,185.00,1,1,0.9
920,12,1001.00,59.00,118.00,266.00,1,1,0.9
920,14,1027.00,48.00,77.00,188.00,1,1,0.9
921,12,1001.00,60.00,120.00,272.00,1,1,0.9
921,14,1027.00,50.00,78.00,190.00,1,1,0.9
922,12,1001.00,63.00,123.00,281.00,1,1,0.9
922,14,1027.00,51.00,79.00,193.00,1,1,0.9
923,12,1000.00,65.00,126.00,290.00,1,1,0.9
923,14,1027.00,53.00,80.00,195.00,1,1,0.9
924,12,1000.00,68.00,129.00,298.00,1,1,0.9
924,14,1028.00,55.00,81.00,198.00,1,1,0.9
925,12,1000.00,70.00,131.00,307.00,1,1,0.9
925,14,1028.00,56.00,83.00,200.00,1,1,0.9
926,12,1000.00,73.00,134.00,316.00,1,1,0.9
926,14,1028.00,58.00,84.00,202.00,1,1,0.9
927,12,999.00,76.00,137.00,325.00,1,1,0.9
927,14,1028.00,59.00,85.00,205.00,1,1,0.9
928,12,999.00,78.00,140.00,334.00,1,1,0.9
928,14,1028.00,61.00,86.00,207.00,1,1,0.9
929,12,999.00,81.00,143.00,343.00,1,1,0.9
929,14,1028.00,63.00,87.00,210.00,1,1,0.9
930,12,998.00,83.00,146.00,352.00,1,1,0.9
930,14,1028.00,64.00,88.00,212.00,1,1,0.9
931,12,998.00,86.00,149.00,361.00,1,1,0.9
931,14,1029.00,66.00,89.00,215.00,1,1,0.9
932,12,1001.00,90.00,153.00,371.00,1,1,0.9
932,14,1029.00,68.00,90.00,217.00,1,1,0.9
933,12,1005.00,94.00,157.00,381.00,1,1,0.9
933,14,1029.00,69.00,91.00,219.00,1,1,0.9
934,12,1008.00,98.00,161.00,391.00,1,1,0.9
934,14,1029.00,71.00,93.00,222.00,1,1,0.9
935,12,1011.00,102.00,165.00,402.00,1,1,0.9
935,14,1029.00,72.00,94.00,224.00,1,1,0.9
936,12,1015.00,106.00,169.00,412.00,1,1,0.9
936,14,1029.00,74.00,95.00,227.00,1,1,0.9
937,12,1018.00,110.00,173.00,422.00,1,1,0.9
937,14,1030.00,76.00,96.00,229.00,1,1,0.9
938,12,1021.00,114.00,177.00,432.00,1,1,0.9
938,14,1030.00,77.00,97.00,232.00,1,1,0.9
939,12,1031.00,120.00,184.00,443.00,1,1,0.9
939,14,1028.00,78.00,100.00,236.00,1,1,0.9
940,12,1040.00,125.00,191.00,454.00,1,1,0.9
940,14,1026.00,80.00,104.00,241.00,1,1,0.9
941,12,1050.00,130.00,198.00,465.00,1,1,0.9
941,14,1023.00,81.00,107.00,245.00,1,1,0.9
942,12,1059.00,136.00,204.00,476.00,1,1,0.9
942,14,1021.00,82.00,110.00,250.00,1,1,0.9
943,12,1069.00,141.00,211.00,487.00,1,1,0.9
943,14,1019.00,83.00,114.00,255.00,1,1,0.9
944,12,1078.00,146.00,218.00,498.00,1,1,0.9
944,14,1017.00,85.00,117.00,259.00,1,1,0.9
945,12,1096.00,160.00,227.00,519.00,1,1,0.9
945,14,1017.00,87.00,119.00,267.00,1,1,0.9
946,12,1114.00,173.00,236.00,541.00,1,1,0.9
946,14,1018.00,90.00,121.00,276.00,1,1,0.9
947,12,1132.00,187.00,245.00,563.00,1,1,0.9
947,14,1018.00,92.00,123.00,284.00,1,1,0.9
948,12,1150.00,200.00,255.00,584.00,1,1,0.9
948,14,1018.00,94.00,126.00,292.00,1,1,0.9
949,12,1164.00,214.00,282.00,594.00,1,1,0.9
949,14,1021.00,97.00,129.00,299.00,1,1,0.9
950,12,1177.00,228.00,309.00,603.00,1,1,0.9
950,14,1024.00,100.00,131.00,306.00,1,1,0.9
951,12,1191.00,241.00,336.00,612.00,1,1,0.9
951,14,1027.00,103.00,134.00,313.00,1,1,0.9
952,12,1205.00,255.00,364.00,622.00,1,1,0.9
952,14,1030.00,106.00,137.00,321.00,1,1,0.9
953,12,1246.00,277.00,379.00,629.00,1,1,0.9
953,14,1033.00,112.00,141.00,332.00,1,1,0.9
954,12,1288.00,299.00,395.00,636.00,1,1,0.9
954,14,1035.00,119.00,146.00,343.00,1,1,0.9
955,12,1329.00,322.00,411.00,643.00,1,1,0.9
955,14,1038.00,125.00,150.00,355.00,1,1,0.9
956,12,1371.00,344.00,427.00,650.00,1,1,0.9
956,14,1041.00,132.00,154.00,366.00,1,1,0.9
957,12,1413.00,362.00,435.00,641.00,1,1,0.9
957,14,1051.00,136.00,155.00,373.00,1,1,0.9
958,12,1456.00,379.00,444.00,632.00,1,1,0.9
958,14,1061.00,140.00,157.00,380.00,1,1,0.9
959,12,1498.00,397.00,452.00,623.00,1,1,0.9
959,14,1070.00,144.00,158.00,387.00,1,1,0.9
960,12,1541.00,415.00,461.00,614.00,1,1,0.9
960,14,1080.00,148.00,159.00,394.00,1,1,0.9
961,12,1583.00,433.00,470.00,604.00,1,1,0.9
961,14,1090.00,152.00,160.00,401.00,1,1,0.9
962,12,1625.00,438.00,458.00,603.00,1,1,0.9
962,14,1099.00,159.00,167.00,411.00,1,1,0.9
963,12,1667.00,444.00,447.00,601.00,1,1,0.9
963,14,1107.00,167.00,174.00,421.00,1,1,0.9
964,12,1709.00,450.00,435.00,599.00,1,1,0.9
964,14,1116.00,174.00,181.00,432.00,1,1,0.9
965,12,1752.00,456.00,424.00,597.00,1,1,0.9
965,14,1124.00,182.00,188.00,442.00,1,1,0.9
966,12,1794.00,461.00,412.00,596.00,1,1,0.9
966,14,1133.00,189.00,194.00,452.00,1,1,0.9
967,14,1155.00,201.00,200.00,467.00,1,1,0.9
968,14,1178.00,213.00,205.00,482.00,1,1,0.9
969,14,1200.00,225.00,210.00,497.00,1,1,0.9
970,14,1222.00,237.00,215.00,512.00,1,1,0.9
971,14,1245.00,249.00,220.00,527.00,1,1,0.9
972,14,1259.00,264.00,243.00,532.00,1,1,0.9
973,14,1273.00,279.00,265.00,536.00,1,1,0.9
974,14,1288.00,294.00,287.00,541.00,1,1,0.9
975,14,1302.00,309.00,310.00,545.00,1,1,0.9
976,14,1316.00,324.00,332.00,550.00,1,1,0.9
977,14,1350.00,342.00,343.00,556.00,1,1,0.9
978,14,1383.00,359.00,354.00,563.00,1,1,0.9
979,14,1416.00,377.00,365.00,569.00,1,1,0.9
980,14,1449.00,395.00,376.00,575.00,1,1,0.9
981,14,1483.00,413.00,387.00,581.00,1,1,0.9
982,14,1524.00,429.00,390.00,569.00,1,1,0.9
983,14,1564.00,446.00,394.00,556.00,1,1,0.9
984,14,1605.00,462.00,397.00,543.00,1,1,0.9
985,14,1646.00,479.00,401.00,530.00,1,1,0.9
986,14,1681.00,482.00,393.00,532.00,1,1,0.9
987,14,1715.00,485.00,386.00,534.00,1,1,0.9
988,14,1750.00,489.00,378.00,537.00,1,1,0.9
989,14,1785.00,492.00,371.00,539.00,1,1,0.9
990,14,1819.00,496.00,364.00,541.00,1,1,0.9
1499,15,995.00,43.00,40.00,88.00,1,1,0.9
1499,16,955.00,43.00,31.00,80.00,1,1,0.9
1500,15,995.00,43.00,40.00,90.00,1,1,0.9
1500,16,954.00,43.00,31.00,81.00,1,1,0.9
1501,15,995.00,42.00,40.00,91.00,1,1,0.9
1501,16,953.00,43.00,32.00,82.00,1,1,0.9
1502,15,995.00,42.00,40.00,92.00,1,1,0.9
1502,16,952.00,44.00,32.00,84.00,1,1,0.9
1503,15,995.00,42.00,41.00,94.00,1,1,0.9
1503,16,951.00,44.00,32.00,85.00,1,1,0.9
1504,15,995.00,42.00,41.00,95.00,1,1,0.9
1504,16,950.00,44.00,32.00,86.00,1,1,0.9
1505,15,995.00,41.00,41.00,97.00,1,1,0.9
1505,16,949.00,44.00,33.00,87.00,1,1,0.9
1506,15,994.00,41.00,42.00,98.00,1,1,0.9
1506,16,948.00,45.00,33.00,89.00,1,1,0.9
1507,15,994.00,41.00,42.00,99.00,1,1,0.9
1507,16,947.00,45.00,33.00,90.00,1,1,0.9
1508,15,994.00,41.00,42.00,101.00,1,1,0.9
1508,16,946.00,45.00,33.00,91.00,1,1,0.9
1509,15,994.00,40.00,42.00,102.00,1,1,0.9
1509,16,945.00,45.00,34.00,92.00,1,1,0.9
1510,15,994.00,40.00,43.00,103.00,1,1,0.9
1510,16,944.00,45.00,34.00,94.00,1,1,0.9
1511,15,994.00,40.00,43.00,105.00,1,1,0.9
1511,16,943.00,46.00,34.00,95.00,1,1,0.9
1512,15,994.00,40.00,44.00,106.00,1,1,0.9
1512,16,942.00,45.00,35.00,97.00,1,1,0.9
1513,15,994.00,39.00,45.00,108.00,1,1,0.9
1513,16,941.00,45.00,36.00,98.00,1,1,0.9
1514,15,993.00,39.00,47.00,109.00,1,1,0.9
1514,16,940.00,45.00,36.00,100.00,1,1,0.9
1515,15,993.00,39.00,48.00,110.00,1,1,0.9
1515,16,939.00,45.00,37.00,102.00,1,1,0.9
1516,15,993.00,39.00,49.00,112.00,1,1,0.9
1516,16,938.00,44.00,38.00,104.00,1,1,0.9
1517,15,993.00,38.00,50.00,113.00,1,1,0.9
1517,16,937.00,44.00,39.00,105.00,1,1,0.9
1518,15,993.00,38.00,52.00,114.00,1,1,0.9
1518,16,936.00,44.00,39.00,107.00,1,1,0.9
1519,15,993.00,38.00,53.00,116.00,1,1,0.9
1519,16,935.00,44.00,40.00,109.00,1,1,0.9
1520,15,993.00,38.00,54.00,117.00,1,1,0.9
1520,16,934.00,43.00,41.00,111.00,1,1,0.9
1521,15,993.00,37.00,56.00,119.00,1,1,0.9
1521,16,933.00,43.00,42.00,112.00,1,1,0.9
1522,15,992.00,37.00,57.00,120.00,1,1,0.9
1522,16,932.00,43.00,43.00,114.00,1,1,0.9
1523,15,993.00,37.00,57.00,122.00,1,1,0.9
1523,16,932.00,43.00,43.00,116.00,1,1,0.9
1524,15,994.00,37.00,57.00,125.00,1,1,0.9
1524,16,931.00,42.00,43.00,118.00,1,1,0.9
1525,15,995.00,36.00,57.00,127.00,1,1,0.9
1525,16,931.00,42.00,43.00,120.00,1,1,0.9
1526,15,996.00,36.00,57.00,129.00,1,1,0.9
1526,16,930.00,42.00,44.00,121.00,1,1,0.9
1527,15,996.00,36.00,57.00,132.00,1,1,0.9
1527,16,930.00,42.00,44.00,123.00,1,1,0.9
1528,15,997.00,36.00,57.00,134.00,1,1,0.9
1528,16,929.00,41.00,44.00,125.00,1,1,0.9
1529,15,998.00,35.00,57.00,136.00,1,1,0.9
1529,16,929.00,41.00,44.00,127.00,1,1,0.9
1530,15,999.00,35.00,57.00,139.00,1,1,0.9
1530,16,928.00,41.00,45.00,129.00,1,1,0.9
1531,15,1000.00,35.00,57.00,141.00,1,1,0.9
1531,16,928.00,40.00,45.00,131.00,1,1,0.9
1532,15,1000.00,34.00,57.00,143.00,1,1,0.9
1532,16,927.00,40.00,45.00,132.00,1,1,0.9
1533,15,1001.00,34.00,57.00,146.00,1,1,0.9
1533,16,927.00,40.00,45.00,134.00,1,1,0.9
1534,15,1003.00,34.00,58.00,148.00,1,1,0.9
1534,16,926.00,39.00,47.00,137.00,1,1,0.9
1535,15,1004.00,34.00,59.00,150.00,1,1,0.9
1535,16,926.00,38.00,49.00,139.00,1,1,0.9
1536,15,1006.00,33.00,59.00,152.00,1,1,0.9
1536,16,926.00,38.00,51.00,142.00,1,1,0.9
1537,15,1007.00,33.00,60.00,154.00,1,1,0.9
1537,16,926.00,37.00,52.00,144.00,1,1,0.9
1538,15,1009.00,33.00,61.00,157.00,1,1,0.9
1538,16,926.00,36.00,54.00,147.00,1,1,0.9
1539,15,1010.00,33.00,62.00,159.00,1,1,0.9
1539,16,926.00,36.00,56.00,149.00,1,1,0.9
1540,15,1013.00,33.00,64.00,162.00,1,1,0.9
1540,16,927.00,37.00,58.00,151.00,1,1,0.9
1541,15,1015.00,34.00,65.00,165.00,1,1,0.9
1541,16,928.00,38.00,59.00,152.00,1,1,0.9
1542,15,1017.00,35.00,67.00,168.00,1,1,0.9
1542,16,929.00,39.00,61.00,154.00,1,1,0.9
1543,15,1020.00,35.00,69.00,171.00,1,1,0.9
1543,16,930.00,40.00,63.00,155.00,1,1,0.9
1544,15,1022.00,36.00,71.00,174.00,1,1,0.9
1544,16,931.00,41.00,65.00,157.00,1,1,0.9
1545,15,1024.00,36.00,72.00,177.00,1,1,0.9
1545,16,931.00,42.00,67.00,158.00,1,1,0.9
1546,15,1027.00,37.00,74.00,180.00,1,1,0.9
1546,16,932.00,43.00,68.00,160.00,1,1,0.9
1547,15,1028.00,38.00,75.00,181.00,1,1,0.9
1547,16,934.00,43.00,69.00,162.00,1,1,0.9
1548,15,1029.00,38.00,75.00,182.00,1,1,0.9
1548,16,936.00,44.00,70.00,163.00,1,1,0.9
1549,15,1030.00,39.00,76.00,183.00,1,1,0.9
1549,16,937.00,45.00,70.00,165.00,1,1,0.9
1550,15,1032.00,40.00,77.00,185.00,1,1,0.9
1550,16,939.00,45.00,71.00,166.00,1,1,0.9
1551,15,1033.00,40.00,77.00,186.00,1,1,0.9
1551,16,940.00,46.00,71.00,168.00,1,1,0.9
1552,15,1034.00,41.00,78.00,187.00,1,1,0.9
1552,16,942.00,47.00,72.00,169.00,1,1,0.9
1553,15,1035.00,41.00,78.00,188.00,1,1,0.9
1553,16,944.00,47.00,73.00,171.00,1,1,0.9
1554,15,1036.00,42.00,79.00,189.00,1,1,0.9
1554,16,945.00,48.00,73.00,172.00,1,1,0.9
1555,15,1037.00,43.00,80.00,190.00,1,1,0.9
1555,16,947.00,48.00,74.00,174.00,1,1,0.9
1556,15,1039.00,43.00,80.00,191.00,1,1,0.9
1556,16,949.00,49.00,74.00,176.00,1,1,0.9
1557,15,1039.00,44.00,81.00,194.00,1,1,0.9
1557,16,950.00,50.00,75.00,179.00,1,1,0.9
1558,15,1039.00,44.00,83.00,197.00,1,1,0.9
1558,16,951.00,51.00,76.00,182.00,1,1,0.9
1559,15,1039.00,45.00,84.00,200.00,1,1,0.9
1559,16,952.00,53.00,76.00,186.00,1,1,0.9
1560,15,1039.00,46.00,85.00,203.00,1,1,0.9
1560,16,953.00,54.00,77.00,189.00,1,1,0.9
1561,15,1038.00,46.00,86.00,206.00,1,1,0.9
1561,16,954.00,55.00,77.00,192.00,1,1,0.9
1562,15,1038.00,47.00,88.00,209.00,1,1,0.9
1562,16,955.00,56.00,78.00,196.00,1,1,0.9
1563,15,1038.00,47.00,89.00,212.00,1,1,0.9
1563,16,956.00,58.00,79.00,199.00,1,1,0.9
1564,15,1038.00,48.00,90.00,214.00,1,1,0.9
1564,16,957.00,59.00,79.00,203.00,1,1,0.9
1565,15,1038.00,49.00,91.00,217.00,1,1,0.9
1565,16,958.00,60.00,80.00,206.00,1,1,0.9
1566,15,1037.00,50.00,92.00,220.00,1,1,0.9
1566,16,957.00,61.00,81.00,208.00,1,1,0.9
1567,15,1035.00,51.00,93.00,222.00,1,1,0.9
1567,16,956.00,62.00,82.00,210.00,1,1,0.9
1568,15,1033.00,53.00,94.00,224.00,1,1,0.9
1568,16,955.00,63.00,82.00,212.00,1,1,0.9
1569,15,1032.00,54.00,95.00,226.00,1,1,0.9
1569,16,955.00,64.00,83.00,214.00,1,1,0.9
1570,15,1030.00,55.00,96.00,228.00,1,1,0.9
1570,16,954.00,66.00,84.00,216.00,1,1,0.9
1571,15,1029.00,57.00,97.00,230.00,1,1,0.9
1571,16,953.00,67.00,85.00,218.00,1,1,0.9
1572,15,1029.00,58.00,97.00,233.00,1,1,0.9
1572,16,952.00,68.00,86.00,220.00,1,1,0.9
1573,15,1029.00,59.00,98.00,236.00,1,1,0.9
1573,16,951.00,69.00,87.00,223.00,1,1,0.9
1574,15,1029.00,60.00,99.00,240.00,1,1,0.9
1574,16,950.00,70.00,88.00,226.00,1,1,0.9
1575,15,1029.00,62.00,100.00,243.00,1,1,0.9
1575,16,949.00,71.00,89.00,229.00,1,1,0.9
1576,15,1029.00,63.00,101.00,246.00,1,1,0.9
1576,16,948.00,72.00,89.00,232.00,1,1,0.9
1577,15,1030.00,64.00,102.00,249.00,1,1,0.9
1577,16,947.00,73.00,90.00,235.00,1,1,0.9
1578,15,1030.00,66.00,103.00,252.00,1,1,0.9
1578,16,947.00,74.00,91.00,237.00,1,1,0.9
1579,15,1028.00,67.00,104.00,256.00,1,1,0.9
1579,16,941.00,76.00,93.00,241.00,1,1,0.9
1580,15,1025.00,69.00,105.00,259.00,1,1,0.9
1580,16,935.00,78.00,95.00,245.00,1,1,0.9
1581,15,1023.00,71.00,106.00,263.00,1,1,0.9
1581,16,929.00,79.00,97.00,249.00,1,1,0.9
1582,15,1021.00,72.00,107.00,267.00,1,1,0.9
1582,16,924.00,81.00,99.00,253.00,1,1,0.9
1583,15,1019.00,74.00,109.00,271.00,1,1,0.9
1583,16,918.00,83.00,101.00,257.00,1,1,0.9
1584,15,1017.00,76.00,110.00,275.00,1,1,0.9
1584,16,912.00,84.00,103.00,260.00,1,1,0.9
1585,15,1016.00,77.00,111.00,280.00,1,1,0.9
1585,16,908.00,86.00,104.00,264.00,1,1,0.9
1586,15,1014.00,78.00,112.00,285.00,1,1,0.9
1586,16,904.00,87.00,105.00,267.00,1,1,0.9
1587,15,1013.00,79.00,113.00,290.00,1,1,0.9
1587,16,899.00,88.00,106.00,270.00,1,1,0.9
1588,15,1012.00,81.00,115.00,296.00,1,1,0.9
1588,16,895.00,89.00,107.00,274.00,1,1,0.9
1589,15,1011.00,82.00,116.00,301.00,1,1,0.9
1589,16,891.00,90.00,107.00,277.00,1,1,0.9
1590,15,1010.00,83.00,117.00,306.00,1,1,0.9
1590,16,886.00,92.00,108.00,280.00,1,1,0.9
1591,15,1002.00,84.00,119.00,311.00,1,1,0.9
1591,16,881.00,93.00,108.00,283.00,1,1,0.9
1592,15,995.00,85.00,122.00,316.00,1,1,0.9
1592,16,876.00,94.00,108.00,285.00,1,1,0.9
1593,15,988.00,87.00,124.00,321.00,1,1,0.9
1593,16,871.00,95.00,108.00,288.00,1,1,0.9
1594,15,981.00,88.00,127.00,326.00,1,1,0.9
1594,16,866.00,96.00,108.00,290.00,1,1,0.9
1595,15,974.00,89.00,129.00,331.00,1,1,0.9
1595,16,861.00,98.00,108.00,292.00,1,1,0.9
1596,15,967.00,90.00,131.00,336.00,1,1,0.9
1596,16,856.00,99.00,108.00,295.00,1,1,0.9
1597,15,959.00,92.00,133.00,339.00,1,1,0.9
1597,16,853.00,100.00,111.00,297.00,1,1,0.9
1598,15,950.00,94.00,134.00,343.00,1,1,0.9
1598,16,850.00,101.00,114.00,300.00,1,1,0.9
1599,15,942.00,97.00,136.00,346.00,1,1,0.9
1599,16,847.00,102.00,117.00,302.00,1,1,0.9
1600,15,934.00,99.00,137.00,349.00,1,1,0.9
1600,16,844.00,104.00,120.00,304.00,1,1,0.9
1601,15,926.00,101.00,139.00,352.00,1,1,0.9
1601,16,841.00,105.00,123.00,307.00,1,1,0.9
1602,15,918.00,103.00,140.00,355.00,1,1,0.9
1602,16,838.00,106.00,126.00,309.00,1,1,0.9
1603,15,903.00,106.00,147.00,359.00,1,1,0.9
1603,16,833.00,107.00,122.00,309.00,1,1,0.9
1604,15,889.00,110.00,153.00,362.00,1,1,0.9
1604,16,829.00,108.00,118.00,309.00,1,1,0.9
1605,15,874.00,113.00,160.00,366.00,1,1,0.9
1605,16,824.00,109.00,114.00,309.00,1,1,0.9
1606,15,853.00,116.00,165.00,370.00,1,1,0.9
1606,16,808.00,112.00,126.00,312.00,1,1,0.9
1607,15,832.00,119.00,170.00,373.00,1,1,0.9
1607,16,792.00,115.00,137.00,315.00,1,1,0.9
1608,15,810.00,123.00,175.00,377.00,1,1,0.9
1608,16,776.00,118.00,148.00,318.00,1,1,0.9
1609,15,789.00,126.00,180.00,381.00,1,1,0.9
1609,16,760.00,120.00,160.00,322.00,1,1,0.9
1610,15,769.00,128.00,178.00,382.00,1,1,0.9
1610,16,752.00,122.00,156.00,325.00,1,1,0.9
1611,15,750.00,129.00,177.00,383.00,1,1,0.9
1611,16,744.00,123.00,153.00,329.00,1,1,0.9
1612,15,730.00,131.00,175.00,384.00,1,1,0.9
1612,16,736.00,124.00,150.00,333.00,1,1,0.9
1613,15,711.00,133.00,173.00,385.00,1,1,0.9
1613,16,728.00,125.00,146.00,337.00,1,1,0.9
1614,15,691.00,135.00,172.00,387.00,1,1,0.9
1614,16,720.00,126.00,143.00,341.00,1,1,0.9
1615,15,676.00,133.00,169.00,387.00,1,1,0.9
1615,16,711.00,128.00,141.00,339.00,1,1,0.9
1616,15,660.00,132.00,167.00,387.00,1,1,0.9
1616,16,702.00,130.00,140.00,338.00,1,1,0.9
1617,15,644.00,130.00,165.00,387.00,1,1,0.9
1617,16,693.00,132.00,139.00,336.00,1,1,0.9
1618,15,628.00,129.00,163.00,387.00,1,1,0.9
1618,16,684.00,134.00,137.00,335.00,1,1,0.9
1619,16,675.00,136.00,136.00,333.00,1,1,0.9
1620,16,666.00,137.00,134.00,332.00,1,1,0.9
1620,17,1078.00,54.00,45.00,83.00,1,1,0.9
1621,16,647.00,137.00,146.00,332.00,1,1,0.9
1621,17,1080.00,54.00,45.00,85.00,1,1,0.9
1622,16,628.00,137.00,157.00,332.00,1,1,0.9
1622,17,1081.00,53.00,44.00,88.00,1,1,0.9
1623,17,1082.00,52.00,44.00,91.00,1,1,0.9
1624,17,1084.00,51.00,44.00,93.00,1,1,0.9
1625,17,1085.00,50.00,43.00,96.00,1,1,0.9
1626,17,1086.00,50.00,43.00,99.00,1,1,0.9
1627,17,1088.00,49.00,42.00,102.00,1,1,0.9
1628,17,1089.00,49.00,43.00,103.00,1,1,0.9
1629,17,1091.00,49.00,45.00,105.00,1,1,0.9
1630,17,1092.00,49.00,46.00,107.00,1,1,0.9
1631,17,1093.00,49.00,47.00,109.00,1,1,0.9
1632,17,1095.00,49.00,48.00,111.00,1,1,0.9
1633,17,1096.00,49.00,49.00,113.00,1,1,0.9
1634,17,1097.00,49.00,50.00,115.00,1,1,0.9
1635,17,1099.00,49.00,51.00,117.00,1,1,0.9
1636,17,1099.00,49.00,52.00,119.00,1,1,0.9
1637,17,1100.00,49.00,52.00,120.00,1,1,0.9
1638,17,1100.00,49.00,53.00,122.00,1,1,0.9
1639,17,1101.00,49.00,53.00,123.00,1,1,0.9
1640,17,1101.00,49.00,54.00,125.00,1,1,0.9
1641,17,1102.00,49.00,55.00,126.00,1,1,0.9
1642,17,1103.00,50.00,55.00,128.00,1,1,0.9
1643,17,1103.00,50.00,56.00,130.00,1,1,0.9
1644,17,1104.00,50.00,56.00,131.00,1,1,0.9
1645,17,1104.00,50.00,57.00,133.00,1,1,0.9
1646,17,1104.00,50.00,58.00,136.00,1,1,0.9
1647,17,1104.00,50.00,59.00,138.00,1,1,0.9
1648,17,1104.00,50.00,60.00,141.00,1,1,0.9
1649,17,1104.00,51.00,61.00,144.00,1,1,0.9
1650,17,1104.00,51.00,63.00,146.00,1,1,0.9
1651,17,1104.00,51.00,64.00,149.00,1,1,0.9
1652,17,1104.00,51.00,65.00,152.00,1,1,0.9
1653,17,1104.00,51.00,66.00,155.00,1,1,0.9
1654,17,1104.00,51.00,67.00,157.00,1,1,0.9
1655,17,1104.00,51.00,68.00,160.00,1,1,0.9
1656,17,1104.00,53.00,69.00,161.00,1,1,0.9
1657,17,1103.00,55.00,69.00,162.00,1,1,0.9
1658,17,1102.00,56.00,69.00,163.00,1,1,0.9
1659,17,1102.00,58.00,70.00,164.00,1,1,0.9
1660,17,1101.00,60.00,70.00,165.00,1,1,0.9
1661,17,1100.00,61.00,70.00,166.00,1,1,0.9
1662,17,1100.00,63.00,71.00,167.00,1,1,0.9
1663,17,1099.00,64.00,71.00,168.00,1,1,0.9
1664,17,1099.00,66.00,72.00,168.00,1,1,0.9
1665,17,1098.00,68.00,72.00,169.00,1,1,0.9
1666,17,1097.00,69.00,72.00,170.00,1,1,0.9
1667,17,1096.00,71.00,74.00,173.00,1,1,0.9
1668,17,1095.00,72.00,75.00,176.00,1,1,0.9
1669,17,1094.00,74.00,76.00,179.00,1,1,0.9
1670,17,1093.00,76.00,78.00,182.00,1,1,0.9
1671,17,1092.00,77.00,79.00,185.00,1,1,0.9
1672,17,1091.00,79.00,80.00,188.00,1,1,0.9
1673,17,1092.00,81.00,81.00,192.00,1,1,0.9
1674,17,1092.00,82.00,81.00,196.00,1,1,0.9
1675,17,1093.00,84.00,81.00,200.00,1,1,0.9
1676,17,1094.00,85.00,82.00,204.00,1,1,0.9
1677,17,1095.00,87.00,82.00,208.00,1,1,0.9
1678,17,1096.00,89.00,83.00,212.00,1,1,0.9
1679,17,1096.00,91.00,84.00,216.00,1,1,0.9
1680,17,1096.00,93.00,86.00,220.00,1,1,0.9
1681,17,1096.00,96.00,88.00,224.00,1,1,0.9
1682,17,1096.00,98.00,90.00,228.00,1,1,0.9
1683,17,1096.00,100.00,91.00,232.00,1,1,0.9
1684,17,1096.00,102.00,93.00,236.00,1,1,0.9
1685,17,1096.00,105.00,95.00,240.00,1,1,0.9
1686,17,1095.00,107.00,96.00,244.00,1,1,0.9
1687,17,1093.00,109.00,97.00,249.00,1,1,0.9
1688,17,1092.00,112.00,98.00,254.00,1,1,0.9
1689,17,1090.00,114.00,99.00,259.00,1,1,0.9
1690,17,1089.00,116.00,100.00,263.00,1,1,0.9
1691,17,1087.00,119.00,101.00,268.00,1,1,0.9
1692,17,1086.00,121.00,102.00,273.00,1,1,0.9
1693,17,1084.00,123.00,103.00,278.00,1,1,0.9
1694,17,1080.00,126.00,105.00,283.00,1,1,0.9
1695,17,1076.00,128.00,107.00,288.00,1,1,0.9
1696,17,1072.00,131.00,109.00,293.00,1,1,0.9
1697,17,1068.00,134.00,111.00,299.00,1,1,0.9
1698,17,1064.00,136.00,113.00,304.00,1,1,0.9
1699,17,1060.00,139.00,116.00,309.00,1,1,0.9
1700,17,1055.00,144.00,119.00,320.00,1,1,0.9
1701,17,1050.00,150.00,122.00,331.00,1,1,0.9
1702,17,1045.00,155.00,125.00,342.00,1,1,0.9
1703,17,1040.00,161.00,128.00,353.00,1,1,0.9
1704,17,1035.00,166.00,131.00,364.00,1,1,0.9
1705,17,1030.00,172.00,134.00,375.00,1,1,0.9
1705,18,-199.00,413.00,280.00,378.00,1,1,0.9
1706,17,1018.00,178.00,139.00,385.00,1,1,0.9
1706,18,-186.00,412.00,278.00,383.00,1,1,0.9
1707,17,1006.00,183.00,144.00,394.00,1,1,0.9
1707,18,-173.00,412.00,277.00,389.00,1,1,0.9
1708,17,994.00,189.00,150.00,404.00,1,1,0.9
1708,18,-161.00,412.00,275.00,394.00,1,1,0.9
1709,17,982.00,195.00,155.00,414.00,1,1,0.9
1709,18,-148.00,412.00,273.00,399.00,1,1,0.9
1709,19,-233.00,430.00,315.00,501.00,1,1,0.9
1710,17,975.00,203.00,159.00,425.00,1,1,0.9
1710,18,-135.00,412.00,271.00,405.00,1,1,0.9
1710,19,-228.00,430.00,333.00,501.00,1,1,0.9
1711,17,969.00,211.00,162.00,436.00,1,1,0.9
1711,18,-122.00,412.00,269.00,410.00,1,1,0.9
1711,19,-223.00,430.00,351.00,501.00,1,1,0.9
1712,17,962.00,219.00,166.00,447.00,1,1,0.9
1712,18,-110.00,412.00,267.00,415.00,1,1,0.9
1712,19,-218.00,430.00,369.00,501.00,1,1,0.9
1713,17,955.00,228.00,170.00,458.00,1,1,0.9
1713,18,-97.00,412.00,265.00,420.00,1,1,0.9
1713,19,-213.00,430.00,386.00,501.00,1,1,0.9
1714,17,948.00,236.00,174.00,468.00,1,1,0.9
1714,18,-84.00,411.00,263.00,426.00,1,1,0.9
1714,19,-190.00,431.00,385.00,503.00,1,1,0.9
1715,17,923.00,253.00,187.00,483.00,1,1,0.9
1715,18,-66.00,410.00,265.00,429.00,1,1,0.9
1715,19,-166.00,432.00,383.00,505.00,1,1,0.9
1716,17,898.00,269.00,200.00,498.00,1,1,0.9
1716,18,-49.00,409.00,267.00,432.00,1,1,0.9
1716,19,-142.00,434.00,382.00,507.00,1,1,0.9
1717,17,873.00,286.00,213.00,512.00,1,1,0.9
1717,18,-31.00,408.00,269.00,435.00,1,1,0.9
1717,19,-118.00,435.00,380.00,509.00,1,1,0.9
1718,17,848.00,302.00,226.00,527.00,1,1,0.9
1718,18,-14.00,406.00,271.00,438.00,1,1,0.9
1718,19,-95.00,436.00,378.00,511.00,1,1,0.9
1719,17,823.00,319.00,239.00,541.00,1,1,0.9
1719,18,3.00,405.00,273.00,441.00,1,1,0.9
1719,19,-71.00,437.00,377.00,513.00,1,1,0.9
1720,17,798.00,335.00,252.00,556.00,1,1,0.9
1720,18,21.00,404.00,275.00,444.00,1,1,0.9
1720,19,-47.00,438.00,375.00,516.00,1,1,0.9
1721,17,794.00,344.00,240.00,567.00,1,1,0.9
1721,18,29.00,401.00,268.00,445.00,1,1,0.9
1721,19,-36.00,438.00,364.00,516.00,1,1,0.9
1722,17,790.00,352.00,227.00,579.00,1,1,0.9
1722,18,36.00,398.00,262.00,447.00,1,1,0.9
1722,19,-26.00,437.00,354.00,517.00,1,1,0.9
1723,17,787.00,361.00,215.00,590.00,1,1,0.9
1723,18,44.00,395.00,255.00,448.00,1,1,0.9
1723,19,-15.00,436.00,343.00,518.00,1,1,0.9
1724,17,783.00,370.00,203.00,602.00,1,1,0.9
1724,18,52.00,393.00,249.00,450.00,1,1,0.9
1724,19,-4.00,436.00,332.00,518.00,1,1,0.9
1725,17,729.00,397.00,226.00,612.00,1,1,0.9
1725,18,74.00,392.00,254.00,450.00,1,1,0.9
1725,19,25.00,427.00,334.00,526.00,1,1,0.9
1726,17,674.00,425.00,249.00,622.00,1,1,0.9
1726,18,97.00,391.00,259.00,450.00,1,1,0.9
1726,19,56.00,418.00,335.00,533.00,1,1,0.9
1727,17,620.00,453.00,272.00,632.00,1,1,0.9
1727,18,119.00,390.00,264.00,450.00,1,1,0.9
1727,19,86.00,410.00,337.00,541.00,1,1,0.9
1728,17,565.00,480.00,295.00,642.00,1,1,0.9
1728,18,141.00,390.00,269.00,450.00,1,1,0.9
1728,19,116.00,401.00,339.00,548.00,1,1,0.9
1729,17,511.00,519.00,346.00,642.00,1,1,0.9
1729,18,163.00,384.00,272.00,458.00,1,1,0.9
1729,19,147.00,393.00,341.00,556.00,1,1,0.9
1730,17,448.00,546.00,372.00,652.00,1,1,0.9
1730,18,184.00,378.00,275.00,467.00,1,1,0.9
1730,19,178.00,387.00,341.00,556.00,1,1,0.9
1731,17,386.00,574.00,397.00,662.00,1,1,0.9
1731,18,206.00,373.00,278.00,475.00,1,1,0.9
1731,19,210.00,381.00,341.00,556.00,1,1,0.9
1732,17,323.00,601.00,422.00,673.00,1,1,0.9
1732,18,227.00,367.00,280.00,484.00,1,1,0.9
1732,19,241.00,375.00,341.00,556.00,1,1,0.9
1733,17,261.00,629.00,447.00,683.00,1,1,0.9
1733,18,249.00,361.00,283.00,493.00,1,1,0.9
1733,19,273.00,370.00,341.00,556.00,1,1,0.9
1734,17,198.00,656.00,473.00,693.00,1,1,0.9
1734,18,270.00,355.00,286.00,501.00,1,1,0.9
1734,19,304.00,364.00,341.00,556.00,1,1,0.9
1735,17,142.00,670.00,490.00,681.00,1,1,0.9
1735,18,292.00,348.00,287.00,495.00,1,1,0.9
1735,19,340.00,354.00,333.00,564.00,1,1,0.9
1736,17,85.00,684.00,508.00,668.00,1,1,0.9
1736,18,315.00,342.00,287.00,490.00,1,1,0.9
1736,19,376.00,344.00,326.00,573.00,1,1,0.9
1737,17,28.00,698.00,526.00,655.00,1,1,0.9
1737,18,337.00,335.00,288.00,484.00,1,1,0.9
1737,19,411.00,335.00,318.00,581.00,1,1,0.9
1738,17,-28.00,711.00,544.00,643.00,1,1,0.9
1738,18,360.00,328.00,288.00,478.00,1,1,0.9
1738,19,447.00,325.00,311.00,590.00,1,1,0.9
1739,17,-84.00,725.00,561.00,630.00,1,1,0.9
1739,18,382.00,321.00,289.00,472.00,1,1,0.9
1739,19,482.00,315.00,303.00,599.00,1,1,0.9
1740,17,-120.00,718.00,553.00,630.00,1,1,0.9
1740,18,409.00,315.00,271.00,475.00,1,1,0.9
1740,19,512.00,305.00,302.00,592.00,1,1,0.9
1741,17,-156.00,711.00,545.00,630.00,1,1,0.9
1741,18,436.00,308.00,252.00,477.00,1,1,0.9
1741,19,542.00,296.00,301.00,586.00,1,1,0.9
1742,17,-192.00,704.00,537.00,630.00,1,1,0.9
1742,18,463.00,302.00,234.00,479.00,1,1,0.9
1742,19,572.00,286.00,300.00,580.00,1,1,0.9
1743,17,-228.00,698.00,529.00,630.00,1,1,0.9
1743,18,490.00,296.00,216.00,482.00,1,1,0.9
1743,19,601.00,276.00,299.00,573.00,1,1,0.9
1744,17,-264.00,691.00,521.00,630.00,1,1,0.9
1744,18,517.00,289.00,197.00,484.00,1,1,0.9
1744,19,631.00,266.00,298.00,567.00,1,1,0.9
1745,18,537.00,284.00,200.00,479.00,1,1,0.9
1745,19,658.00,260.00,283.00,565.00,1,1,0.9
1746,18,557.00,278.00,204.00,473.00,1,1,0.9
1746,19,685.00,254.00,268.00,563.00,1,1,0.9
1747,18,578.00,273.00,207.00,468.00,1,1,0.9
1747,19,712.00,249.00,252.00,561.00,1,1,0.9
1748,18,598.00,267.00,210.00,463.00,1,1,0.9
1748,19,738.00,243.00,237.00,558.00,1,1,0.9
1749,18,618.00,262.00,213.00,458.00,1,1,0.9
1749,19,765.00,237.00,222.00,556.00,1,1,0.9
1750,18,638.00,256.00,216.00,452.00,1,1,0.9
1750,19,792.00,231.00,207.00,554.00,1,1,0.9
1751,18,654.00,254.00,207.00,449.00,1,1,0.9
1751,19,800.00,225.00,206.00,544.00,1,1,0.9
1752,18,669.00,251.00,197.00,446.00,1,1,0.9
1752,19,809.00,219.00,204.00,535.00,1,1,0.9
1753,18,685.00,249.00,188.00,442.00,1,1,0.9
1753,19,818.00,213.00,202.00,525.00,1,1,0.9
1754,18,701.00,246.00,179.00,439.00,1,1,0.9
1754,19,826.00,207.00,201.00,515.00,1,1,0.9
1755,18,716.00,243.00,169.00,436.00,1,1,0.9
1755,19,835.00,201.00,199.00,505.00,1,1,0.9
1756,18,732.00,241.00,160.00,432.00,1,1,0.9
1756,19,843.00,195.00,197.00,495.00,1,1,0.9
1757,18,736.00,236.00,159.00,431.00,1,1,0.9
1757,19,850.00,189.00,196.00,487.00,1,1,0.9
1758,18,741.00,231.00,157.00,429.00,1,1,0.9
1758,19,857.00,182.00,196.00,479.00,1,1,0.9
1759,18,746.00,227.00,155.00,427.00,1,1,0.9
1759,19,864.00,176.00,195.00,471.00,1,1,0.9
1760,18,751.00,222.00,154.00,426.00,1,1,0.9
1760,19,871.00,170.00,194.00,463.00,1,1,0.9
1761,18,756.00,218.00,152.00,424.00,1,1,0.9
1761,19,878.00,164.00,193.00,455.00,1,1,0.9
1762,18,761.00,213.00,151.00,422.00,1,1,0.9
1762,19,873.00,161.00,189.00,448.00,1,1,0.9
1763,18,764.00,211.00,150.00,419.00,1,1,0.9
1763,19,868.00,158.00,185.00,441.00,1,1,0.9
1764,18,766.00,208.00,150.00,415.00,1,1,0.9
1764,19,863.00,155.00,181.00,434.00,1,1,0.9
1765,18,769.00,206.00,150.00,411.00,1,1,0.9
1765,19,859.00,152.00,177.00,426.00,1,1,0.9
1766,18,772.00,203.00,149.00,407.00,1,1,0.9
1766,19,854.00,149.00,173.00,419.00,1,1,0.9
1767,18,775.00,201.00,149.00,404.00,1,1,0.9
1767,19,849.00,146.00,169.00,412.00,1,1,0.9
1768,18,778.00,196.00,145.00,396.00,1,1,0.9
1768,19,848.00,144.00,162.00,403.00,1,1,0.9
1769,18,782.00,192.00,141.00,388.00,1,1,0.9
1769,19,846.00,142.00,156.00,394.00,1,1,0.9
1770,18,785.00,188.00,138.00,380.00,1,1,0.9
1770,19,845.00,140.00,149.00,384.00,1,1,0.9
1771,18,789.00,183.00,134.00,372.00,1,1,0.9
1771,19,843.00,137.00,143.00,375.00,1,1,0.9
1772,18,778.00,183.00,140.00,369.00,1,1,0.9
1772,19,832.00,136.00,146.00,371.00,1,1,0.9
1773,18,767.00,183.00,145.00,365.00,1,1,0.9
1773,19,820.00,135.00,150.00,368.00,1,1,0.9
1774,18,755.00,182.00,151.00,362.00,1,1,0.9
1774,19,808.00,134.00,153.00,364.00,1,1,0.9
1775,18,744.00,182.00,156.00,358.00,1,1,0.9
1775,19,796.00,133.00,157.00,360.00,1,1,0.9
1776,18,733.00,182.00,161.00,355.00,1,1,0.9
1776,19,785.00,132.00,160.00,356.00,1,1,0.9
1777,18,721.00,178.00,158.00,357.00,1,1,0.9
1777,19,769.00,132.00,160.00,356.00,1,1,0.9
1778,18,708.00,174.00,154.00,360.00,1,1,0.9
1778,19,754.00,132.00,160.00,356.00,1,1,0.9
1779,18,696.00,171.00,150.00,362.00,1,1,0.9
1779,19,739.00,132.00,160.00,356.00,1,1,0.9
1780,18,684.00,167.00,147.00,364.00,1,1,0.9
1780,19,724.00,132.00,160.00,355.00,1,1,0.9
1781,18,671.00,163.00,143.00,366.00,1,1,0.9
1781,19,709.00,132.00,160.00,355.00,1,1,0.9
1782,18,656.00,162.00,145.00,362.00,1,1,0.9
1782,19,689.00,132.00,160.00,354.00,1,1,0.9
1783,18,640.00,160.00,147.00,358.00,1,1,0.9
1783,19,669.00,132.00,160.00,354.00,1,1,0.9
1784,18,624.00,159.00,149.00,354.00,1,1,0.9
1784,19,648.00,132.00,160.00,353.00,1,1,0.9
1785,18,608.00,158.00,151.00,349.00,1,1,0.9
1785,19,628.00,132.00,160.00,352.00,1,1,0.9
1786,19,622.00,132.00,163.00,346.00,1,1,0.9
1787,19,615.00,132.00,166.00,341.00,1,1,0.9
1788,19,608.00,132.00,169.00,335.00,1,1,0.9
