274,1,130.00,-13.00,131.00,158.00,1,1,0.9
275,1,143.00,-12.00,120.00,158.00,1,1,0.9
276,1,156.00,-11.00,110.00,158.00,1,1,0.9
277,1,168.00,-9.00,99.00,158.00,1,1,0.9
278,1,168.00,-9.00,99.00,161.00,1,1,0.9
279,1,168.00,-8.00,99.00,163.00,1,1,0.9
280,1,168.00,-8.00,99.00,166.00,1,1,0.9
281,1,168.00,-7.00,99.00,169.00,1,1,0.9
282,1,168.00,-7.00,99.00,172.00,1,1,0.9
283,1,170.00,-6.00,100.00,172.00,1,1,0.9
284,1,171.00,-6.00,101.00,173.00,1,1,0.9
285,1,172.00,-6.00,102.00,174.00,1,1,0.9
286,1,173.00,-5.00,103.00,175.00,1,1,0.9
287,1,175.00,-5.00,104.00,176.00,1,1,0.9
288,1,176.00,-5.00,105.00,176.00,1,1,0.9
289,1,177.00,-5.00,105.00,177.00,1,1,0.9
290,1,178.00,-4.00,106.00,178.00,1,1,0.9
291,1,180.00,-4.00,107.00,179.00,1,1,0.9
292,1,181.00,-4.00,108.00,180.00,1,1,0.9
293,1,182.00,-3.00,109.00,180.00,1,1,0.9
294,1,184.00,-3.00,110.00,181.00,1,1,0.9
295,1,185.00,-3.00,111.00,182.00,1,1,0.9
296,1,186.00,-2.00,112.00,183.00,1,1,0.9
297,1,187.00,0.00,112.00,184.00,1,1,0.9
298,1,189.00,3.00,112.00,186.00,1,1,0.9
299,1,190.00,6.00,113.00,188.00,1,1,0.9
300,1,192.00,9.00,113.00,190.00,1,1,0.9
301,1,193.00,12.00,114.00,192.00,1,1,0.9
302,1,194.00,15.00,114.00,194.00,1,1,0.9
303,1,196.00,18.00,115.00,195.00,1,1,0.9
304,1,197.00,21.00,115.00,197.00,1,1,0.9
305,1,198.00,24.00,116.00,199.00,1,1,0.9
306,1,195.00,28.00,119.00,202.00,1,1,0.9
307,1,192.00,31.00,123.00,205.00,1,1,0.9
308,1,189.00,35.00,126.00,208.00,1,1,0.9
309,1,187.00,38.00,129.00,211.00,1,1,0.9
310,1,184.00,42.00,133.00,214.00,1,1,0.9
311,1,181.00,46.00,136.00,217.00,1,1,0.9
312,1,183.00,46.00,138.00,221.00,1,1,0.9
313,1,186.00,47.00,140.00,226.00,1,1,0.9
314,1,189.00,48.00,142.00,230.00,1,1,0.9
315,1,192.00,48.00,144.00,235.00,1,1,0.9
316,1,194.00,49.00,146.00,240.00,1,1,0.9
317,1,197.00,50.00,148.00,244.00,1,1,0.9
318,1,194.00,53.00,149.00,245.00,1,1,0.9
319,1,191.00,56.00,149.00,245.00,1,1,0.9
320,1,188.00,59.00,150.00,246.00,1,1,0.9
321,1,185.00,62.00,150.00,246.00,1,1,0.9
322,1,182.00,64.00,150.00,247.00,1,1,0.9
323,1,179.00,67.00,151.00,248.00,1,1,0.9
324,1,177.00,70.00,151.00,248.00,1,1,0.9
325,1,161.00,76.00,161.00,252.00,1,1,0.9
326,1,146.00,81.00,172.00,255.00,1,1,0.9
327,1,131.00,87.00,182.00,258.00,1,1,0.9
328,1,116.00,92.00,192.00,262.00,1,1,0.9
329,1,101.00,98.00,202.00,265.00,1,1,0.9
330,1,86.00,103.00,212.00,268.00,1,1,0.9
331,1,71.00,109.00,222.00,271.00,1,1,0.9
332,1,58.00,111.00,222.00,267.00,1,1,0.9
333,1,45.00,113.00,221.00,263.00,1,1,0.9
334,1,32.00,115.00,221.00,259.00,1,1,0.9
335,1,9.00,124.00,217.00,277.00,1,1,0.9
336,1,-12.00,132.00,213.00,295.00,1,1,0.9
337,1,-40.00,135.00,226.00,300.00,1,1,0.9
338,1,-67.00,137.00,239.00,306.00,1,1,0.9
339,1,-102.00,134.00,223.00,304.00,1,1,0.9
340,1,-137.00,130.00,207.00,302.00,1,1,0.9
341,1,-137.00,130.00,184.00,295.00,1,1,0.9
342,1,-137.00,130.00,162.00,288.00,1,1,0.9
343,1,-137.00,130.00,139.00,281.00,1,1,0.9
349,2,-63.00,312.00,371.00,363.00,1,1,0.9
350,2,-27.00,286.00,360.00,371.00,1,1,0.9
351,2,8.00,260.00,348.00,378.00,1,1,0.9
352,2,44.00,236.00,352.00,385.00,1,1,0.9
353,2,80.00,212.00,355.00,392.00,1,1,0.9
354,2,116.00,188.00,359.00,399.00,1,1,0.9
355,2,133.00,173.00,336.00,400.00,1,1,0.9
356,2,149.00,159.00,313.00,402.00,1,1,0.9
357,2,166.00,144.00,291.00,404.00,1,1,0.9
357,3,-102.00,219.00,247.00,266.00,1,1,0.9
358,2,174.00,129.00,273.00,381.00,1,1,0.9
358,3,-82.00,209.00,236.00,266.00,1,1,0.9
359,2,182.00,114.00,255.00,358.00,1,1,0.9
359,3,-62.00,198.00,224.00,266.00,1,1,0.9
360,2,190.00,99.00,237.00,336.00,1,1,0.9
360,3,-41.00,188.00,213.00,266.00,1,1,0.9
361,2,202.00,93.00,226.00,338.00,1,1,0.9
361,3,-25.00,179.00,194.00,264.00,1,1,0.9
362,2,213.00,87.00,215.00,339.00,1,1,0.9
362,3,-9.00,171.00,176.00,262.00,1,1,0.9
363,2,224.00,81.00,203.00,341.00,1,1,0.9
363,3,7.00,162.00,157.00,261.00,1,1,0.9
364,2,233.00,74.00,196.00,330.00,1,1,0.9
364,3,19.00,154.00,153.00,254.00,1,1,0.9
365,2,242.00,66.00,189.00,318.00,1,1,0.9
365,3,31.00,146.00,149.00,247.00,1,1,0.9
366,2,251.00,59.00,183.00,306.00,1,1,0.9
366,3,43.00,137.00,146.00,240.00,1,1,0.9
367,2,260.00,51.00,176.00,295.00,1,1,0.9
367,3,55.00,129.00,142.00,233.00,1,1,0.9
368,2,259.00,45.00,176.00,285.00,1,1,0.9
368,3,65.00,121.00,143.00,234.00,1,1,0.9
369,2,258.00,40.00,176.00,276.00,1,1,0.9
369,3,76.00,113.00,143.00,234.00,1,1,0.9
370,2,257.00,34.00,176.00,267.00,1,1,0.9
370,3,86.00,106.00,144.00,234.00,1,1,0.9
371,2,256.00,28.00,176.00,258.00,1,1,0.9
371,3,97.00,98.00,145.00,235.00,1,1,0.9
372,2,258.00,26.00,169.00,252.00,1,1,0.9
372,3,101.00,95.00,141.00,231.00,1,1,0.9
373,2,260.00,23.00,162.00,247.00,1,1,0.9
373,3,106.00,92.00,136.00,228.00,1,1,0.9
374,2,263.00,21.00,155.00,241.00,1,1,0.9
374,3,111.00,89.00,132.00,224.00,1,1,0.9
375,2,265.00,19.00,148.00,236.00,1,1,0.9
375,3,115.00,86.00,128.00,221.00,1,1,0.9
376,2,267.00,17.00,142.00,230.00,1,1,0.9
376,3,120.00,83.00,124.00,217.00,1,1,0.9
377,2,269.00,14.00,135.00,225.00,1,1,0.9
377,3,124.00,80.00,120.00,214.00,1,1,0.9
378,2,268.00,12.00,132.00,221.00,1,1,0.9
378,3,126.00,75.00,118.00,209.00,1,1,0.9
379,2,266.00,10.00,128.00,218.00,1,1,0.9
379,3,127.00,71.00,116.00,204.00,1,1,0.9
380,2,265.00,8.00,125.00,214.00,1,1,0.9
380,3,129.00,67.00,114.00,199.00,1,1,0.9
381,2,263.00,6.00,122.00,211.00,1,1,0.9
381,3,130.00,62.00,113.00,194.00,1,1,0.9
382,2,262.00,4.00,119.00,207.00,1,1,0.9
382,3,132.00,58.00,111.00,189.00,1,1,0.9
383,2,260.00,2.00,115.00,203.00,1,1,0.9
383,3,133.00,53.00,109.00,184.00,1,1,0.9
384,2,259.00,0.00,112.00,200.00,1,1,0.9
384,3,135.00,49.00,107.00,179.00,1,1,0.9
385,2,257.00,-1.00,109.00,196.00,1,1,0.9
385,3,137.00,44.00,105.00,174.00,1,1,0.9
386,2,256.00,-2.00,108.00,193.00,1,1,0.9
386,3,136.00,42.00,103.00,172.00,1,1,0.9
387,2,256.00,-4.00,107.00,189.00,1,1,0.9
387,3,135.00,40.00,102.00,169.00,1,1,0.9
388,2,255.00,-5.00,106.00,185.00,1,1,0.9
388,3,135.00,39.00,100.00,166.00,1,1,0.9
389,2,254.00,-7.00,105.00,181.00,1,1,0.9
389,3,134.00,37.00,98.00,163.00,1,1,0.9
390,2,253.00,-8.00,104.00,178.00,1,1,0.9
390,3,134.00,35.00,96.00,161.00,1,1,0.9
391,2,252.00,-9.00,103.00,174.00,1,1,0.9
391,3,133.00,33.00,94.00,158.00,1,1,0.9
392,2,252.00,-11.00,102.00,170.00,1,1,0.9
392,3,132.00,31.00,93.00,155.00,1,1,0.9
393,2,250.00,-11.00,102.00,167.00,1,1,0.9
393,3,131.00,29.00,92.00,154.00,1,1,0.9
394,2,248.00,-11.00,101.00,164.00,1,1,0.9
394,3,130.00,28.00,90.00,152.00,1,1,0.9
395,2,246.00,-12.00,101.00,160.00,1,1,0.9
395,3,129.00,27.00,89.00,151.00,1,1,0.9
396,2,244.00,-12.00,101.00,157.00,1,1,0.9
396,3,127.00,25.00,88.00,149.00,1,1,0.9
397,2,242.00,-13.00,100.00,154.00,1,1,0.9
397,3,126.00,24.00,87.00,148.00,1,1,0.9
398,2,240.00,-13.00,100.00,150.00,1,1,0.9
398,3,125.00,22.00,86.00,146.00,1,1,0.9
399,2,239.00,-13.00,99.00,147.00,1,1,0.9
399,3,124.00,21.00,85.00,145.00,1,1,0.9
400,2,237.00,-14.00,99.00,143.00,1,1,0.9
400,3,123.00,20.00,84.00,143.00,1,1,0.9
401,2,235.00,-14.00,99.00,140.00,1,1,0.9
401,3,121.00,18.00,83.00,142.00,1,1,0.9
402,2,233.00,-14.00,98.00,137.00,1,1,0.9
402,3,120.00,17.00,82.00,140.00,1,1,0.9
403,2,231.00,-15.00,98.00,133.00,1,1,0.9
403,3,119.00,16.00,80.00,139.00,1,1,0.9
404,2,231.00,-16.00,97.00,132.00,1,1,0.9
404,3,116.00,15.00,81.00,138.00,1,1,0.9
405,2,230.00,-17.00,95.00,132.00,1,1,0.9
405,3,114.00,14.00,81.00,137.00,1,1,0.9
406,2,230.00,-18.00,94.00,131.00,1,1,0.9
406,3,112.00,14.00,81.00,136.00,1,1,0.9
407,2,229.00,-19.00,92.00,130.00,1,1,0.9
407,3,110.00,13.00,81.00,135.00,1,1,0.9
408,2,228.00,-20.00,91.00,129.00,1,1,0.9
408,3,107.00,12.00,81.00,134.00,1,1,0.9
409,2,228.00,-21.00,90.00,128.00,1,1,0.9
409,3,105.00,12.00,81.00,133.00,1,1,0.9
410,2,227.00,-22.00,88.00,127.00,1,1,0.9
410,3,103.00,11.00,81.00,132.00,1,1,0.9
411,2,227.00,-24.00,87.00,126.00,1,1,0.9
411,3,100.00,10.00,82.00,131.00,1,1,0.9
412,2,226.00,-25.00,86.00,125.00,1,1,0.9
412,3,98.00,10.00,82.00,130.00,1,1,0.9
413,2,226.00,-26.00,84.00,124.00,1,1,0.9
413,3,96.00,9.00,82.00,129.00,1,1,0.9
414,2,225.00,-28.00,84.00,124.00,1,1,0.9
414,3,95.00,8.00,80.00,128.00,1,1,0.9
415,2,225.00,-30.00,83.00,124.00,1,1,0.9
415,3,95.00,8.00,79.00,127.00,1,1,0.9
416,2,224.00,-33.00,83.00,123.00,1,1,0.9
416,3,94.00,8.00,78.00,126.00,1,1,0.9
417,2,224.00,-35.00,82.00,123.00,1,1,0.9
417,3,94.00,7.00,76.00,125.00,1,1,0.9
418,2,223.00,-38.00,82.00,123.00,1,1,0.9
418,3,93.00,7.00,75.00,124.00,1,1,0.9
419,2,223.00,-40.00,81.00,123.00,1,1,0.9
419,3,92.00,7.00,74.00,123.00,1,1,0.9
420,2,222.00,-42.00,81.00,123.00,1,1,0.9
420,3,92.00,6.00,72.00,122.00,1,1,0.9
421,2,222.00,-45.00,80.00,122.00,1,1,0.9
421,3,91.00,6.00,71.00,121.00,1,1,0.9
422,2,221.00,-46.00,80.00,122.00,1,1,0.9
422,3,89.00,5.00,71.00,121.00,1,1,0.9
423,2,221.00,-47.00,79.00,122.00,1,1,0.9
423,3,87.00,3.00,70.00,121.00,1,1,0.9
424,2,220.00,-48.00,79.00,122.00,1,1,0.9
424,3,85.00,2.00,70.00,121.00,1,1,0.9
425,2,219.00,-49.00,78.00,121.00,1,1,0.9
425,3,83.00,1.00,70.00,121.00,1,1,0.9
426,2,219.00,-51.00,78.00,121.00,1,1,0.9
426,3,81.00,0.00,69.00,121.00,1,1,0.9
427,2,218.00,-52.00,78.00,121.00,1,1,0.9
427,3,79.00,-1.00,69.00,121.00,1,1,0.9
428,2,218.00,-53.00,77.00,120.00,1,1,0.9
428,3,77.00,-2.00,69.00,120.00,1,1,0.9
429,2,217.00,-54.00,77.00,120.00,1,1,0.9
429,3,75.00,-4.00,68.00,120.00,1,1,0.9
430,2,217.00,-55.00,76.00,120.00,1,1,0.9
430,3,73.00,-5.00,68.00,120.00,1,1,0.9
431,2,216.00,-56.00,76.00,119.00,1,1,0.9
431,3,71.00,-7.00,68.00,120.00,1,1,0.9
432,2,216.00,-58.00,76.00,119.00,1,1,0.9
432,3,69.00,-8.00,67.00,120.00,1,1,0.9
433,2,215.00,-59.00,75.00,119.00,1,1,0.9
433,3,67.00,-9.00,67.00,120.00,1,1,0.9
434,2,215.00,-60.00,75.00,118.00,1,1,0.9
434,3,66.00,-11.00,67.00,120.00,1,1,0.9
435,2,212.00,-60.00,73.00,118.00,1,1,0.9
435,3,65.00,-11.00,66.00,119.00,1,1,0.9
436,2,210.00,-60.00,72.00,117.00,1,1,0.9
436,3,65.00,-11.00,64.00,118.00,1,1,0.9
437,2,208.00,-61.00,71.00,117.00,1,1,0.9
437,3,64.00,-12.00,63.00,117.00,1,1,0.9
438,2,206.00,-61.00,69.00,117.00,1,1,0.9
438,3,64.00,-12.00,62.00,116.00,1,1,0.9
439,2,203.00,-61.00,68.00,116.00,1,1,0.9
439,3,63.00,-12.00,61.00,115.00,1,1,0.9
440,2,201.00,-62.00,66.00,116.00,1,1,0.9
440,3,63.00,-12.00,59.00,114.00,1,1,0.9
441,2,199.00,-62.00,65.00,115.00,1,1,0.9
441,3,62.00,-13.00,58.00,113.00,1,1,0.9
442,2,197.00,-62.00,64.00,115.00,1,1,0.9
442,3,62.00,-13.00,57.00,112.00,1,1,0.9
443,2,194.00,-63.00,62.00,114.00,1,1,0.9
443,3,61.00,-13.00,56.00,112.00,1,1,0.9
444,2,192.00,-63.00,61.00,114.00,1,1,0.9
444,3,60.00,-15.00,57.00,111.00,1,1,0.9
445,2,190.00,-64.00,60.00,113.00,1,1,0.9
445,3,58.00,-16.00,57.00,111.00,1,1,0.9
446,2,187.00,-65.00,59.00,113.00,1,1,0.9
446,3,57.00,-18.00,58.00,111.00,1,1,0.9
447,2,185.00,-66.00,58.00,112.00,1,1,0.9
447,3,55.00,-19.00,59.00,111.00,1,1,0.9
448,2,183.00,-67.00,57.00,111.00,1,1,0.9
448,3,54.00,-20.00,60.00,111.00,1,1,0.9
449,2,180.00,-67.00,57.00,111.00,1,1,0.9
449,3,52.00,-22.00,61.00,110.00,1,1,0.9
450,2,178.00,-68.00,56.00,110.00,1,1,0.9
450,3,50.00,-23.00,61.00,110.00,1,1,0.9
451,2,176.00,-69.00,56.00,110.00,1,1,0.9
451,3,50.00,-23.00,61.00,110.00,1,1,0.9
452,2,174.00,-69.00,56.00,110.00,1,1,0.9
452,3,49.00,-24.00,61.00,110.00,1,1,0.9
453,2,172.00,-70.00,56.00,110.00,1,1,0.9
453,3,48.00,-24.00,61.00,110.00,1,1,0.9
454,2,170.00,-71.00,56.00,110.00,1,1,0.9
454,3,47.00,-25.00,61.00,110.00,1,1,0.9
455,2,168.00,-71.00,56.00,110.00,1,1,0.9
455,3,46.00,-25.00,61.00,110.00,1,1,0.9
456,2,166.00,-72.00,56.00,110.00,1,1,0.9
456,3,45.00,-26.00,61.00,110.00,1,1,0.9
457,2,164.00,-73.00,56.00,110.00,1,1,0.9
457,3,44.00,-26.00,61.00,110.00,1,1,0.9
458,2,162.00,-74.00,56.00,110.00,1,1,0.9
458,3,43.00,-27.00,61.00,110.00,1,1,0.9
459,2,160.00,-74.00,56.00,110.00,1,1,0.9
459,3,42.00,-27.00,61.00,110.00,1,1,0.9
460,2,159.00,-75.00,56.00,110.00,1,1,0.9
460,3,41.00,-28.00,61.00,110.00,1,1,0.9
461,2,157.00,-76.00,56.00,110.00,1,1,0.9
461,3,40.00,-28.00,61.00,110.00,1,1,0.9
462,2,155.00,-76.00,56.00,110.00,1,1,0.9
462,3,40.00,-28.00,61.00,110.00,1,1,0.9
463,2,153.00,-79.00,56.00,110.00,1,1,0.9
463,3,39.00,-33.00,61.00,110.00,1,1,0.9
464,2,152.00,-81.00,56.00,110.00,1,1,0.9
464,3,38.00,-38.00,61.00,110.00,1,1,0.9
465,2,151.00,-84.00,56.00,110.00,1,1,0.9
465,3,37.00,-43.00,61.00,110.00,1,1,0.9
466,2,149.00,-86.00,56.00,110.00,1,1,0.9
466,3,36.00,-48.00,61.00,110.00,1,1,0.9
467,2,148.00,-89.00,56.00,110.00,1,1,0.9
467,3,35.00,-52.00,61.00,110.00,1,1,0.9
468,2,146.00,-91.00,56.00,110.00,1,1,0.9
468,3,34.00,-57.00,61.00,110.00,1,1,0.9
1187,4,71.00,-22.00,73.00,116.00,1,1,0.9
1188,4,73.00,-22.00,74.00,118.00,1,1,0.9
1189,4,75.00,-23.00,75.00,120.00,1,1,0.9
1190,4,77.00,-24.00,77.00,122.00,1,1,0.9
1191,4,78.00,-25.00,78.00,124.00,1,1,0.9
1192,4,80.00,-26.00,79.00,126.00,1,1,0.9
1193,4,82.00,-27.00,80.00,128.00,1,1,0.9
1194,4,73.00,-31.00,92.00,133.00,1,1,0.9
1195,4,76.00,-30.00,92.00,135.00,1,1,0.9
1196,4,80.00,-29.00,92.00,136.00,1,1,0.9
1197,4,84.00,-28.00,92.00,138.00,1,1,0.9
1198,4,88.00,-27.00,91.00,139.00,1,1,0.9
1199,4,92.00,-26.00,91.00,141.00,1,1,0.9
1200,4,96.00,-25.00,91.00,142.00,1,1,0.9
1201,4,99.00,-24.00,90.00,144.00,1,1,0.9
1202,4,103.00,-23.00,90.00,145.00,1,1,0.9
1203,4,107.00,-21.00,90.00,147.00,1,1,0.9
1204,4,111.00,-20.00,89.00,148.00,1,1,0.9
1205,4,115.00,-19.00,89.00,150.00,1,1,0.9
1206,4,118.00,-18.00,89.00,151.00,1,1,0.9
1207,4,122.00,-17.00,89.00,152.00,1,1,0.9
1208,4,126.00,-16.00,88.00,154.00,1,1,0.9
1209,4,128.00,-14.00,88.00,155.00,1,1,0.9
1210,4,130.00,-12.00,88.00,155.00,1,1,0.9
1211,4,132.00,-11.00,88.00,156.00,1,1,0.9
1212,4,134.00,-9.00,88.00,156.00,1,1,0.9
1213,4,136.00,-7.00,88.00,157.00,1,1,0.9
1214,4,138.00,-5.00,88.00,157.00,1,1,0.9
1215,4,140.00,-3.00,88.00,158.00,1,1,0.9
1216,4,142.00,-2.00,88.00,158.00,1,1,0.9
1217,4,144.00,0.00,88.00,159.00,1,1,0.9
1218,4,146.00,1.00,88.00,160.00,1,1,0.9
1219,4,148.00,3.00,88.00,160.00,1,1,0.9
1220,4,151.00,5.00,88.00,161.00,1,1,0.9
1221,4,151.00,5.00,89.00,161.00,1,1,0.9
1222,4,151.00,5.00,89.00,162.00,1,1,0.9
1223,4,151.00,5.00,90.00,162.00,1,1,0.9
1224,4,152.00,5.00,90.00,163.00,1,1,0.9
1225,4,152.00,5.00,90.00,163.00,1,1,0.9
1226,4,152.00,5.00,91.00,164.00,1,1,0.9
1227,4,152.00,5.00,91.00,164.00,1,1,0.9
1228,4,153.00,5.00,92.00,165.00,1,1,0.9
1229,4,153.00,6.00,92.00,165.00,1,1,0.9
1230,4,153.00,6.00,93.00,166.00,1,1,0.9
1231,4,153.00,6.00,93.00,166.00,1,1,0.9
1232,4,154.00,6.00,93.00,167.00,1,1,0.9
1233,4,154.00,6.00,94.00,167.00,1,1,0.9
1234,4,154.00,6.00,94.00,168.00,1,1,0.9
1235,4,154.00,6.00,95.00,168.00,1,1,0.9
1236,4,155.00,6.00,95.00,169.00,1,1,0.9
1237,4,156.00,7.00,97.00,172.00,1,1,0.9
1238,4,158.00,7.00,99.00,174.00,1,1,0.9
1239,4,159.00,8.00,100.00,177.00,1,1,0.9
1240,4,161.00,9.00,102.00,180.00,1,1,0.9
1241,4,162.00,9.00,104.00,183.00,1,1,0.9
1242,4,164.00,10.00,106.00,185.00,1,1,0.9
1243,4,165.00,10.00,107.00,188.00,1,1,0.9
1244,4,167.00,11.00,109.00,191.00,1,1,0.9
1245,4,168.00,12.00,111.00,194.00,1,1,0.9
1246,4,170.00,12.00,113.00,196.00,1,1,0.9
1247,4,171.00,13.00,114.00,199.00,1,1,0.9
1248,4,171.00,18.00,118.00,205.00,1,1,0.9
1249,4,170.00,22.00,121.00,211.00,1,1,0.9
1250,4,170.00,27.00,125.00,217.00,1,1,0.9
1251,4,170.00,32.00,128.00,224.00,1,1,0.9
1252,4,172.00,35.00,130.00,226.00,1,1,0.9
1253,4,174.00,37.00,133.00,229.00,1,1,0.9
1254,4,177.00,40.00,135.00,232.00,1,1,0.9
1255,4,179.00,42.00,137.00,235.00,1,1,0.9
1256,4,181.00,45.00,140.00,237.00,1,1,0.9
1257,4,184.00,47.00,142.00,240.00,1,1,0.9
1258,4,186.00,50.00,144.00,243.00,1,1,0.9
1259,4,186.00,50.00,142.00,245.00,1,1,0.9
1260,4,186.00,51.00,139.00,247.00,1,1,0.9
1261,4,186.00,51.00,136.00,249.00,1,1,0.9
1262,4,185.00,52.00,133.00,251.00,1,1,0.9
1263,4,185.00,52.00,131.00,253.00,1,1,0.9
1264,4,185.00,53.00,128.00,255.00,1,1,0.9
1265,4,185.00,53.00,125.00,257.00,1,1,0.9
1266,4,185.00,53.00,122.00,259.00,1,1,0.9
1267,4,185.00,54.00,120.00,261.00,1,1,0.9
1268,4,179.00,57.00,129.00,261.00,1,1,0.9
1269,4,173.00,61.00,138.00,262.00,1,1,0.9
1270,4,167.00,64.00,147.00,262.00,1,1,0.9
1271,4,160.00,68.00,156.00,263.00,1,1,0.9
1272,4,154.00,72.00,165.00,263.00,1,1,0.9
1273,4,148.00,75.00,174.00,264.00,1,1,0.9
1274,4,142.00,79.00,183.00,265.00,1,1,0.9
1275,4,134.00,87.00,183.00,274.00,1,1,0.9
1276,4,125.00,96.00,183.00,283.00,1,1,0.9
1277,4,117.00,105.00,183.00,293.00,1,1,0.9
1278,4,108.00,114.00,184.00,302.00,1,1,0.9
1279,4,100.00,122.00,184.00,311.00,1,1,0.9
1280,4,67.00,135.00,217.00,307.00,1,1,0.9
1281,4,34.00,148.00,250.00,302.00,1,1,0.9
1282,4,2.00,161.00,282.00,297.00,1,1,0.9
1283,4,-12.00,161.00,284.00,307.00,1,1,0.9
1284,4,-47.00,161.00,259.00,307.00,1,1,0.9
1285,4,-93.00,159.00,254.00,325.00,1,1,0.9
1286,4,-108.00,160.00,254.00,325.00,1,1,0.9
1287,4,-123.00,161.00,254.00,325.00,1,1,0.9
1288,4,-138.00,162.00,254.00,325.00,1,1,0.9
1289,4,-137.00,162.00,180.00,318.00,1,1,0.9
1290,4,-137.00,162.00,138.00,307.00,1,1,0.9
1425,5,872.00,33.00,103.00,116.00,1,1,0.9
1426,5,859.00,34.00,99.00,113.00,1,1,0.9
1427,5,846.00,35.00,94.00,111.00,1,1,0.9
1428,5,832.00,36.00,90.00,109.00,1,1,0.9
1429,5,830.00,30.00,79.00,112.00,1,1,0.9
1430,5,827.00,24.00,68.00,114.00,1,1,0.9
1431,5,804.00,21.00,77.00,118.00,1,1,0.9
1432,5,781.00,18.00,86.00,121.00,1,1,0.9
1433,5,767.00,18.00,85.00,119.00,1,1,0.9
1434,5,754.00,17.00,85.00,117.00,1,1,0.9
1435,5,741.00,17.00,85.00,115.00,1,1,0.9
1436,5,728.00,16.00,85.00,112.00,1,1,0.9
1437,5,715.00,16.00,84.00,110.00,1,1,0.9
1438,5,703.00,12.00,86.00,112.00,1,1,0.9
1439,5,689.00,10.00,93.00,111.00,1,1,0.9
1440,5,675.00,7.00,101.00,110.00,1,1,0.9
1441,5,653.00,-1.00,102.00,120.00,1,1,0.9
1442,5,639.00,-5.00,107.00,123.00,1,1,0.9
1443,5,625.00,-9.00,112.00,127.00,1,1,0.9
1444,5,611.00,-13.00,117.00,131.00,1,1,0.9
1445,5,604.00,-18.00,107.00,138.00,1,1,0.9
1446,5,596.00,-23.00,98.00,146.00,1,1,0.9
1447,5,589.00,-26.00,97.00,145.00,1,1,0.9
1448,5,581.00,-30.00,97.00,145.00,1,1,0.9
1449,5,569.00,-32.00,97.00,145.00,1,1,0.9
1450,5,556.00,-34.00,97.00,145.00,1,1,0.9
1451,5,543.00,-36.00,96.00,145.00,1,1,0.9
1452,5,530.00,-37.00,96.00,145.00,1,1,0.9
1453,5,517.00,-39.00,96.00,145.00,1,1,0.9
1454,5,505.00,-41.00,96.00,145.00,1,1,0.9
1455,5,492.00,-43.00,96.00,145.00,1,1,0.9
1456,5,479.00,-45.00,96.00,145.00,1,1,0.9
1457,5,466.00,-47.00,96.00,145.00,1,1,0.9
1458,5,453.00,-49.00,95.00,145.00,1,1,0.9
1459,5,441.00,-51.00,95.00,145.00,1,1,0.9
1460,5,428.00,-53.00,95.00,145.00,1,1,0.9
1461,5,415.00,-55.00,95.00,145.00,1,1,0.9
1462,5,402.00,-56.00,95.00,145.00,1,1,0.9
1463,5,389.00,-58.00,95.00,145.00,1,1,0.9
1464,5,377.00,-60.00,95.00,145.00,1,1,0.9
1465,5,364.00,-62.00,95.00,145.00,1,1,0.9
1466,5,351.00,-58.00,97.00,147.00,1,1,0.9
1467,5,339.00,-54.00,99.00,148.00,1,1,0.9
1468,5,327.00,-52.00,99.00,148.00,1,1,0.9
1469,5,315.00,-49.00,98.00,148.00,1,1,0.9
1470,5,302.00,-46.00,98.00,147.00,1,1,0.9
1471,5,291.00,-45.00,96.00,149.00,1,1,0.9
1472,5,280.00,-44.00,93.00,152.00,1,1,0.9
1473,5,269.00,-43.00,91.00,154.00,1,1,0.9
1474,5,258.00,-42.00,88.00,157.00,1,1,0.9
1475,5,244.00,-40.00,92.00,159.00,1,1,0.9
1476,5,230.00,-38.00,95.00,162.00,1,1,0.9
1477,5,216.00,-37.00,98.00,165.00,1,1,0.9
1478,5,211.00,-35.00,97.00,163.00,1,1,0.9
1479,5,205.00,-33.00,97.00,161.00,1,1,0.9
1480,5,200.00,-30.00,96.00,159.00,1,1,0.9
1481,5,194.00,-28.00,95.00,157.00,1,1,0.9
1482,5,192.00,-27.00,96.00,157.00,1,1,0.9
1483,5,189.00,-26.00,97.00,157.00,1,1,0.9
1484,5,186.00,-25.00,98.00,157.00,1,1,0.9
1485,5,183.00,-24.00,100.00,158.00,1,1,0.9
1486,5,181.00,-23.00,101.00,158.00,1,1,0.9
1487,5,179.00,-17.00,100.00,157.00,1,1,0.9
1488,5,177.00,-11.00,98.00,157.00,1,1,0.9
1489,5,175.00,-5.00,97.00,156.00,1,1,0.9
1490,5,173.00,0.00,96.00,156.00,1,1,0.9
1491,5,171.00,6.00,95.00,155.00,1,1,0.9
1492,5,171.00,6.00,95.00,156.00,1,1,0.9
1493,5,172.00,6.00,95.00,156.00,1,1,0.9
1494,5,172.00,6.00,96.00,156.00,1,1,0.9
1495,5,172.00,6.00,96.00,156.00,1,1,0.9
1496,5,173.00,6.00,96.00,157.00,1,1,0.9
1497,5,173.00,6.00,96.00,157.00,1,1,0.9
1498,5,174.00,7.00,96.00,157.00,1,1,0.9
1499,5,174.00,7.00,96.00,158.00,1,1,0.9
1500,5,174.00,7.00,96.00,158.00,1,1,0.9
1501,5,175.00,7.00,96.00,158.00,1,1,0.9
1502,5,175.00,7.00,96.00,159.00,1,1,0.9
1503,5,175.00,7.00,97.00,159.00,1,1,0.9
1504,5,176.00,7.00,97.00,159.00,1,1,0.9
1505,5,176.00,7.00,97.00,159.00,1,1,0.9
1506,5,176.00,7.00,97.00,160.00,1,1,0.9
1507,5,177.00,7.00,97.00,160.00,1,1,0.9
1508,5,177.00,7.00,97.00,160.00,1,1,0.9
1509,5,177.00,7.00,97.00,161.00,1,1,0.9
1510,5,178.00,7.00,97.00,161.00,1,1,0.9
1511,5,178.00,7.00,98.00,161.00,1,1,0.9
1512,5,179.00,7.00,98.00,162.00,1,1,0.9
1513,5,179.00,7.00,98.00,162.00,1,1,0.9
1514,5,179.00,7.00,98.00,162.00,1,1,0.9
1515,5,178.00,10.00,99.00,166.00,1,1,0.9
1516,5,176.00,12.00,101.00,169.00,1,1,0.9
1517,5,174.00,14.00,103.00,172.00,1,1,0.9
1518,5,173.00,17.00,104.00,176.00,1,1,0.9
1519,5,171.00,19.00,106.00,179.00,1,1,0.9
1520,5,170.00,21.00,107.00,183.00,1,1,0.9
1521,5,164.00,22.00,111.00,193.00,1,1,0.9
1522,5,159.00,23.00,115.00,202.00,1,1,0.9
1523,5,153.00,24.00,119.00,212.00,1,1,0.9
1524,5,148.00,25.00,123.00,222.00,1,1,0.9
1525,5,147.00,29.00,124.00,226.00,1,1,0.9
1526,5,146.00,32.00,126.00,229.00,1,1,0.9
1527,5,145.00,36.00,128.00,232.00,1,1,0.9
1528,5,143.00,39.00,130.00,235.00,1,1,0.9
1529,5,142.00,43.00,132.00,239.00,1,1,0.9
1530,5,140.00,45.00,135.00,241.00,1,1,0.9
1531,5,137.00,47.00,138.00,243.00,1,1,0.9
1532,5,135.00,50.00,140.00,245.00,1,1,0.9
1533,5,132.00,52.00,143.00,247.00,1,1,0.9
1534,5,130.00,54.00,146.00,250.00,1,1,0.9
1535,5,133.00,56.00,149.00,251.00,1,1,0.9
1536,5,136.00,58.00,152.00,253.00,1,1,0.9
1537,5,139.00,60.00,155.00,255.00,1,1,0.9
1538,5,142.00,63.00,158.00,256.00,1,1,0.9
1539,5,145.00,65.00,161.00,258.00,1,1,0.9
1540,5,145.00,70.00,161.00,261.00,1,1,0.9
1541,5,144.00,74.00,161.00,265.00,1,1,0.9
1542,5,143.00,79.00,162.00,268.00,1,1,0.9
1543,5,143.00,83.00,162.00,272.00,1,1,0.9
1544,5,142.00,88.00,162.00,276.00,1,1,0.9
1545,5,118.00,95.00,174.00,272.00,1,1,0.9
1546,5,94.00,101.00,187.00,269.00,1,1,0.9
1547,5,71.00,108.00,199.00,265.00,1,1,0.9
1548,5,47.00,114.00,211.00,262.00,1,1,0.9
1549,5,12.00,124.00,233.00,287.00,1,1,0.9
1550,5,-22.00,135.00,254.00,312.00,1,1,0.9
1551,5,-63.00,136.00,258.00,315.00,1,1,0.9
1552,5,-104.00,137.00,263.00,317.00,1,1,0.9
1553,5,-121.00,139.00,263.00,314.00,1,1,0.9
1554,5,-137.00,141.00,263.00,311.00,1,1,0.9
1555,5,-137.00,141.00,239.00,312.00,1,1,0.9
1556,5,-137.00,141.00,215.00,312.00,1,1,0.9
1557,5,-137.00,162.00,173.00,315.00,1,1,0.9
1558,5,-137.00,166.00,155.00,311.00,1,1,0.9
1559,5,-137.00,170.00,136.00,307.00,1,1,0.9
1717,6,874.00,40.00,73.00,97.00,1,1,0.9
1718,6,865.00,39.00,73.00,98.00,1,1,0.9
1719,6,856.00,37.00,73.00,99.00,1,1,0.9
1720,6,847.00,35.00,73.00,100.00,1,1,0.9
1721,6,838.00,33.00,73.00,101.00,1,1,0.9
1722,6,832.00,29.00,70.00,102.00,1,1,0.9
1723,6,825.00,24.00,66.00,102.00,1,1,0.9
1724,6,819.00,20.00,62.00,103.00,1,1,0.9
1725,6,811.00,20.00,64.00,103.00,1,1,0.9
1726,6,803.00,21.00,65.00,103.00,1,1,0.9
1727,6,796.00,21.00,66.00,103.00,1,1,0.9
1727,7,893.00,46.00,43.00,83.00,1,1,0.9
1728,6,786.00,22.00,66.00,103.00,1,1,0.9
1728,7,882.00,44.00,47.00,88.00,1,1,0.9
1729,6,776.00,22.00,66.00,103.00,1,1,0.9
1729,7,871.00,43.00,51.00,94.00,1,1,0.9
1730,6,764.00,20.00,68.00,106.00,1,1,0.9
1730,7,860.00,41.00,55.00,94.00,1,1,0.9
1731,6,752.00,17.00,69.00,108.00,1,1,0.9
1731,7,849.00,39.00,59.00,93.00,1,1,0.9
1732,6,740.00,14.00,70.00,110.00,1,1,0.9
1732,7,839.00,37.00,62.00,93.00,1,1,0.9
1733,6,728.00,12.00,71.00,112.00,1,1,0.9
1733,7,828.00,35.00,66.00,93.00,1,1,0.9
1734,6,716.00,9.00,72.00,114.00,1,1,0.9
1734,7,817.00,33.00,69.00,92.00,1,1,0.9
1734,8,898.00,64.00,54.00,77.00,1,1,0.9
1735,6,702.00,4.00,77.00,120.00,1,1,0.9
1735,7,809.00,28.00,67.00,97.00,1,1,0.9
1735,8,891.00,57.00,59.00,83.00,1,1,0.9
1736,6,688.00,0.00,83.00,126.00,1,1,0.9
1736,7,800.00,23.00,66.00,102.00,1,1,0.9
1736,8,883.00,51.00,63.00,88.00,1,1,0.9
1736,9,894.00,48.00,57.00,81.00,1,1,0.9
1737,6,674.00,-4.00,88.00,132.00,1,1,0.9
1737,7,791.00,18.00,64.00,107.00,1,1,0.9
1737,8,878.00,47.00,68.00,94.00,1,1,0.9
1737,9,887.00,47.00,58.00,84.00,1,1,0.9
1738,6,659.00,-11.00,93.00,138.00,1,1,0.9
1738,7,787.00,16.00,60.00,109.00,1,1,0.9
1738,8,870.00,45.00,66.00,94.00,1,1,0.9
1738,9,880.00,45.00,59.00,86.00,1,1,0.9
1739,6,644.00,-19.00,98.00,143.00,1,1,0.9
1739,7,783.00,13.00,56.00,110.00,1,1,0.9
1739,8,863.00,43.00,64.00,94.00,1,1,0.9
1739,9,872.00,43.00,60.00,89.00,1,1,0.9
1740,6,634.00,-21.00,97.00,142.00,1,1,0.9
1740,7,778.00,11.00,56.00,111.00,1,1,0.9
1740,8,856.00,43.00,62.00,95.00,1,1,0.9
1740,9,865.00,41.00,61.00,91.00,1,1,0.9
1741,6,625.00,-23.00,96.00,142.00,1,1,0.9
1741,7,772.00,9.00,57.00,112.00,1,1,0.9
1741,8,850.00,42.00,61.00,97.00,1,1,0.9
1741,9,858.00,39.00,62.00,93.00,1,1,0.9
1742,6,615.00,-25.00,95.00,141.00,1,1,0.9
1742,7,767.00,7.00,58.00,112.00,1,1,0.9
1742,8,844.00,42.00,60.00,98.00,1,1,0.9
1742,9,851.00,37.00,63.00,96.00,1,1,0.9
1743,6,606.00,-27.00,94.00,140.00,1,1,0.9
1743,7,761.00,5.00,58.00,113.00,1,1,0.9
1743,8,838.00,42.00,58.00,99.00,1,1,0.9
1743,9,843.00,35.00,64.00,98.00,1,1,0.9
1744,6,596.00,-28.00,93.00,140.00,1,1,0.9
1744,7,746.00,6.00,63.00,121.00,1,1,0.9
1744,8,828.00,37.00,61.00,101.00,1,1,0.9
1744,9,836.00,30.00,64.00,100.00,1,1,0.9
1745,6,585.00,-29.00,93.00,140.00,1,1,0.9
1745,7,731.00,7.00,68.00,128.00,1,1,0.9
1745,8,818.00,33.00,65.00,102.00,1,1,0.9
1745,9,828.00,24.00,64.00,103.00,1,1,0.9
1746,6,575.00,-29.00,93.00,139.00,1,1,0.9
1746,7,716.00,9.00,73.00,136.00,1,1,0.9
1746,8,808.00,28.00,68.00,103.00,1,1,0.9
1746,9,820.00,19.00,65.00,105.00,1,1,0.9
1747,6,565.00,-30.00,92.00,139.00,1,1,0.9
1747,7,705.00,-2.00,75.00,132.00,1,1,0.9
1747,8,802.00,20.00,66.00,110.00,1,1,0.9
1747,9,812.00,14.00,65.00,108.00,1,1,0.9
1748,6,555.00,-31.00,92.00,139.00,1,1,0.9
1748,7,694.00,-13.00,76.00,128.00,1,1,0.9
1748,8,797.00,12.00,64.00,116.00,1,1,0.9
1748,9,804.00,9.00,65.00,110.00,1,1,0.9
1749,6,545.00,-31.00,91.00,138.00,1,1,0.9
1749,7,681.00,-18.00,76.00,128.00,1,1,0.9
1749,8,785.00,8.00,65.00,115.00,1,1,0.9
1749,9,794.00,6.00,66.00,112.00,1,1,0.9
1750,6,535.00,-32.00,91.00,138.00,1,1,0.9
1750,7,668.00,-23.00,76.00,128.00,1,1,0.9
1750,8,772.00,4.00,66.00,115.00,1,1,0.9
1750,9,785.00,4.00,66.00,114.00,1,1,0.9
1751,6,525.00,-33.00,90.00,138.00,1,1,0.9
1751,7,655.00,-27.00,76.00,128.00,1,1,0.9
1751,8,760.00,1.00,68.00,115.00,1,1,0.9
1751,9,776.00,1.00,66.00,115.00,1,1,0.9
1752,6,515.00,-34.00,90.00,138.00,1,1,0.9
1752,7,642.00,-32.00,76.00,128.00,1,1,0.9
1752,8,748.00,-2.00,69.00,115.00,1,1,0.9
1752,9,766.00,0.00,67.00,117.00,1,1,0.9
1753,6,505.00,-34.00,90.00,137.00,1,1,0.9
1753,7,629.00,-37.00,76.00,128.00,1,1,0.9
1753,8,735.00,-5.00,71.00,114.00,1,1,0.9
1753,9,757.00,-3.00,67.00,119.00,1,1,0.9
1754,6,495.00,-35.00,89.00,137.00,1,1,0.9
1754,7,619.00,-37.00,77.00,128.00,1,1,0.9
1754,8,727.00,-10.00,73.00,118.00,1,1,0.9
1754,9,748.00,-5.00,68.00,120.00,1,1,0.9
1755,6,485.00,-36.00,89.00,137.00,1,1,0.9
1755,7,610.00,-37.00,77.00,128.00,1,1,0.9
1755,8,719.00,-14.00,76.00,122.00,1,1,0.9
1755,9,738.00,-8.00,68.00,122.00,1,1,0.9
1756,6,475.00,-37.00,88.00,136.00,1,1,0.9
1756,7,600.00,-37.00,78.00,128.00,1,1,0.9
1756,8,711.00,-19.00,79.00,126.00,1,1,0.9
1756,9,729.00,-10.00,68.00,124.00,1,1,0.9
1757,6,465.00,-37.00,88.00,136.00,1,1,0.9
1757,7,590.00,-37.00,78.00,128.00,1,1,0.9
1757,8,703.00,-23.00,82.00,129.00,1,1,0.9
1757,9,720.00,-13.00,69.00,125.00,1,1,0.9
1758,6,455.00,-38.00,87.00,136.00,1,1,0.9
1758,7,581.00,-37.00,79.00,128.00,1,1,0.9
1758,8,694.00,-25.00,81.00,131.00,1,1,0.9
1758,9,710.00,-15.00,69.00,127.00,1,1,0.9
1759,6,445.00,-39.00,87.00,136.00,1,1,0.9
1759,7,571.00,-37.00,79.00,128.00,1,1,0.9
1759,8,684.00,-26.00,80.00,133.00,1,1,0.9
1759,9,701.00,-18.00,70.00,129.00,1,1,0.9
1760,6,434.00,-40.00,87.00,135.00,1,1,0.9
1760,7,561.00,-38.00,80.00,128.00,1,1,0.9
1760,8,675.00,-28.00,79.00,135.00,1,1,0.9
1760,9,692.00,-20.00,70.00,130.00,1,1,0.9
1761,6,424.00,-40.00,86.00,135.00,1,1,0.9
1761,7,551.00,-38.00,81.00,128.00,1,1,0.9
1761,8,666.00,-29.00,78.00,138.00,1,1,0.9
1761,9,682.00,-23.00,71.00,132.00,1,1,0.9
1762,6,414.00,-41.00,86.00,135.00,1,1,0.9
1762,7,542.00,-38.00,81.00,128.00,1,1,0.9
1762,8,657.00,-31.00,77.00,140.00,1,1,0.9
1762,9,674.00,-26.00,71.00,132.00,1,1,0.9
1763,6,404.00,-42.00,85.00,134.00,1,1,0.9
1763,7,532.00,-38.00,82.00,128.00,1,1,0.9
1763,8,648.00,-33.00,76.00,142.00,1,1,0.9
1763,9,666.00,-30.00,71.00,132.00,1,1,0.9
1764,6,394.00,-42.00,85.00,134.00,1,1,0.9
1764,7,522.00,-38.00,82.00,128.00,1,1,0.9
1764,8,643.00,-37.00,75.00,140.00,1,1,0.9
1764,9,658.00,-33.00,71.00,132.00,1,1,0.9
1765,6,384.00,-43.00,85.00,134.00,1,1,0.9
1765,7,513.00,-38.00,83.00,128.00,1,1,0.9
1765,8,637.00,-41.00,74.00,139.00,1,1,0.9
1765,9,650.00,-36.00,71.00,132.00,1,1,0.9
1766,6,374.00,-44.00,84.00,133.00,1,1,0.9
1766,7,503.00,-38.00,83.00,128.00,1,1,0.9
1766,8,632.00,-45.00,74.00,137.00,1,1,0.9
1766,9,642.00,-40.00,71.00,132.00,1,1,0.9
1767,6,364.00,-45.00,84.00,133.00,1,1,0.9
1767,7,493.00,-38.00,84.00,128.00,1,1,0.9
1767,8,627.00,-49.00,73.00,135.00,1,1,0.9
1767,9,634.00,-43.00,71.00,132.00,1,1,0.9
1768,6,354.00,-45.00,83.00,133.00,1,1,0.9
1768,7,484.00,-39.00,85.00,128.00,1,1,0.9
1768,8,622.00,-53.00,72.00,134.00,1,1,0.9
1768,9,626.00,-46.00,71.00,132.00,1,1,0.9
1769,6,344.00,-39.00,84.00,134.00,1,1,0.9
1769,7,474.00,-39.00,85.00,128.00,1,1,0.9
1769,8,616.00,-57.00,71.00,132.00,1,1,0.9
1769,9,618.00,-50.00,71.00,132.00,1,1,0.9
1770,6,334.00,-33.00,86.00,135.00,1,1,0.9
1770,7,464.00,-39.00,86.00,128.00,1,1,0.9
1770,8,611.00,-61.00,71.00,131.00,1,1,0.9
1770,9,609.00,-53.00,71.00,132.00,1,1,0.9
1771,6,324.00,-31.00,88.00,135.00,1,1,0.9
1771,7,455.00,-39.00,86.00,128.00,1,1,0.9
1771,8,598.00,-60.00,71.00,131.00,1,1,0.9
1771,9,601.00,-57.00,71.00,132.00,1,1,0.9
1772,6,315.00,-29.00,91.00,136.00,1,1,0.9
1772,7,445.00,-39.00,87.00,128.00,1,1,0.9
1772,8,585.00,-60.00,72.00,131.00,1,1,0.9
1772,9,593.00,-60.00,71.00,132.00,1,1,0.9
1773,6,306.00,-28.00,94.00,137.00,1,1,0.9
1773,7,435.00,-39.00,87.00,128.00,1,1,0.9
1773,8,572.00,-59.00,73.00,131.00,1,1,0.9
1773,9,583.00,-59.00,71.00,132.00,1,1,0.9
1774,6,296.00,-26.00,97.00,138.00,1,1,0.9
1774,7,426.00,-39.00,88.00,128.00,1,1,0.9
1774,8,559.00,-58.00,74.00,131.00,1,1,0.9
1774,9,573.00,-58.00,71.00,133.00,1,1,0.9
1775,6,287.00,-25.00,99.00,138.00,1,1,0.9
1775,7,416.00,-39.00,88.00,128.00,1,1,0.9
1775,8,546.00,-57.00,75.00,131.00,1,1,0.9
1775,9,563.00,-57.00,71.00,133.00,1,1,0.9
1776,6,278.00,-23.00,102.00,139.00,1,1,0.9
1776,7,406.00,-40.00,89.00,129.00,1,1,0.9
1776,8,533.00,-56.00,76.00,131.00,1,1,0.9
1776,9,553.00,-56.00,71.00,133.00,1,1,0.9
1777,6,274.00,-22.00,103.00,140.00,1,1,0.9
1777,7,397.00,-40.00,90.00,129.00,1,1,0.9
1777,8,520.00,-55.00,76.00,132.00,1,1,0.9
1777,9,542.00,-55.00,71.00,134.00,1,1,0.9
1778,6,271.00,-21.00,103.00,142.00,1,1,0.9
1778,7,387.00,-40.00,90.00,129.00,1,1,0.9
1778,8,507.00,-55.00,77.00,132.00,1,1,0.9
1778,9,532.00,-54.00,71.00,134.00,1,1,0.9
1779,6,268.00,-20.00,104.00,143.00,1,1,0.9
1779,7,377.00,-40.00,91.00,129.00,1,1,0.9
1779,8,494.00,-54.00,78.00,132.00,1,1,0.9
1779,9,522.00,-53.00,71.00,134.00,1,1,0.9
1780,6,265.00,-20.00,104.00,144.00,1,1,0.9
1780,7,368.00,-40.00,91.00,129.00,1,1,0.9
1780,8,481.00,-53.00,79.00,132.00,1,1,0.9
1780,9,512.00,-52.00,71.00,135.00,1,1,0.9
1781,6,261.00,-19.00,105.00,146.00,1,1,0.9
1781,7,358.00,-40.00,92.00,129.00,1,1,0.9
1781,8,468.00,-52.00,80.00,132.00,1,1,0.9
1781,9,502.00,-51.00,72.00,135.00,1,1,0.9
1782,6,258.00,-18.00,105.00,147.00,1,1,0.9
1782,7,348.00,-40.00,92.00,129.00,1,1,0.9
1782,8,455.00,-51.00,81.00,132.00,1,1,0.9
1782,9,492.00,-50.00,72.00,135.00,1,1,0.9
1783,6,255.00,-17.00,106.00,148.00,1,1,0.9
1783,7,336.00,-36.00,96.00,130.00,1,1,0.9
1783,8,442.00,-50.00,82.00,132.00,1,1,0.9
1783,9,481.00,-49.00,72.00,136.00,1,1,0.9
1784,6,252.00,-16.00,106.00,150.00,1,1,0.9
1784,7,324.00,-31.00,99.00,131.00,1,1,0.9
1784,8,429.00,-50.00,82.00,132.00,1,1,0.9
1784,9,471.00,-48.00,72.00,136.00,1,1,0.9
1785,6,247.00,-15.00,106.00,151.00,1,1,0.9
1785,7,315.00,-30.00,97.00,132.00,1,1,0.9
1785,8,416.00,-49.00,83.00,133.00,1,1,0.9
1785,9,461.00,-47.00,72.00,136.00,1,1,0.9
1786,6,242.00,-14.00,106.00,152.00,1,1,0.9
1786,7,306.00,-29.00,94.00,133.00,1,1,0.9
1786,8,403.00,-48.00,84.00,133.00,1,1,0.9
1786,9,451.00,-46.00,72.00,137.00,1,1,0.9
1787,6,236.00,-13.00,106.00,153.00,1,1,0.9
1787,7,297.00,-28.00,92.00,135.00,1,1,0.9
1787,8,390.00,-47.00,85.00,133.00,1,1,0.9
1787,9,441.00,-45.00,72.00,137.00,1,1,0.9
1788,6,231.00,-12.00,106.00,155.00,1,1,0.9
1788,7,289.00,-27.00,90.00,136.00,1,1,0.9
1788,8,377.00,-46.00,86.00,133.00,1,1,0.9
1788,9,431.00,-44.00,72.00,137.00,1,1,0.9
1789,6,226.00,-11.00,106.00,156.00,1,1,0.9
1789,7,280.00,-26.00,87.00,138.00,1,1,0.9
1789,8,364.00,-46.00,87.00,133.00,1,1,0.9
1789,9,420.00,-43.00,72.00,138.00,1,1,0.9
1790,6,221.00,-10.00,106.00,157.00,1,1,0.9
1790,7,271.00,-25.00,85.00,139.00,1,1,0.9
1790,8,350.00,-42.00,89.00,134.00,1,1,0.9
1790,9,410.00,-42.00,73.00,138.00,1,1,0.9
1791,6,216.00,-9.00,106.00,158.00,1,1,0.9
1791,7,262.00,-24.00,83.00,140.00,1,1,0.9
1791,8,336.00,-39.00,91.00,135.00,1,1,0.9
1791,9,400.00,-41.00,73.00,138.00,1,1,0.9
1792,6,216.00,-9.00,107.00,158.00,1,1,0.9
1792,7,253.00,-23.00,80.00,142.00,1,1,0.9
1792,8,321.00,-35.00,94.00,136.00,1,1,0.9
1792,9,390.00,-40.00,73.00,139.00,1,1,0.9
1793,6,215.00,-9.00,107.00,158.00,1,1,0.9
1793,7,253.00,-23.00,80.00,142.00,1,1,0.9
1793,8,311.00,-33.00,91.00,136.00,1,1,0.9
1793,9,380.00,-39.00,73.00,139.00,1,1,0.9
1794,6,214.00,-9.00,108.00,158.00,1,1,0.9
1794,7,253.00,-23.00,80.00,142.00,1,1,0.9
1794,8,301.00,-31.00,87.00,136.00,1,1,0.9
1794,9,370.00,-38.00,73.00,139.00,1,1,0.9
1795,6,214.00,-9.00,108.00,158.00,1,1,0.9
1795,7,253.00,-23.00,80.00,142.00,1,1,0.9
1795,8,290.00,-29.00,84.00,136.00,1,1,0.9
1795,9,359.00,-37.00,73.00,140.00,1,1,0.9
1796,6,213.00,-9.00,109.00,158.00,1,1,0.9
1796,7,253.00,-23.00,80.00,142.00,1,1,0.9
1796,8,280.00,-26.00,81.00,136.00,1,1,0.9
1796,9,349.00,-36.00,73.00,140.00,1,1,0.9
1797,6,213.00,-9.00,110.00,158.00,1,1,0.9
1797,7,253.00,-23.00,80.00,142.00,1,1,0.9
1797,8,270.00,-24.00,77.00,136.00,1,1,0.9
1797,9,339.00,-35.00,73.00,140.00,1,1,0.9
1798,6,212.00,-9.00,110.00,158.00,1,1,0.9
1798,7,253.00,-23.00,80.00,142.00,1,1,0.9
1798,8,270.00,-24.00,77.00,136.00,1,1,0.9
1798,9,327.00,-33.00,73.00,140.00,1,1,0.9
1799,6,211.00,-9.00,111.00,158.00,1,1,0.9
1799,7,253.00,-23.00,80.00,142.00,1,1,0.9
1799,8,270.00,-24.00,77.00,136.00,1,1,0.9
1799,9,318.00,-30.00,73.00,140.00,1,1,0.9
1800,6,209.00,-9.00,113.00,158.00,1,1,0.9
1800,7,253.00,-23.00,80.00,142.00,1,1,0.9
1800,8,270.00,-24.00,77.00,136.00,1,1,0.9
1800,9,309.00,-28.00,73.00,140.00,1,1,0.9
